Overriding model.yaml nc=80 with nc=3
                 from  n    params  module                                  arguments
  0                -1  1      3520  models.common.Conv                      [3, 32, 6, 2, 2]
  1                -1  1     18560  models.common.Conv                      [32, 64, 3, 2]
  2                -1  1     18816  models.common.C3                        [64, 64, 1]
  3                -1  1     73984  models.common.Conv                      [64, 128, 3, 2]
  4                -1  2    115712  models.common.C3                        [128, 128, 2]
  5                -1  1    295424  models.common.Conv                      [128, 256, 3, 2]
  6                -1  3    625152  models.common.C3                        [256, 256, 3]
  7                -1  1   1180672  models.common.Conv                      [256, 512, 3, 2]
  8                -1  1   1182720  models.common.C3                        [512, 512, 1]
  9                -1  1    656896  models.common.SPPF                      [512, 512, 5]
 10                -1  1    131584  models.common.Conv                      [512, 256, 1, 1]
 11                -1  1         0  torch.nn.modules.upsampling.Upsample    [None, 2, 'nearest']
 12           [-1, 6]  1         0  models.common.Concat                    [1]
 13                -1  1    361984  models.common.C3                        [512, 256, 1, False]
 14                -1  1     33024  models.common.Conv                      [256, 128, 1, 1]
 15                -1  1         0  torch.nn.modules.upsampling.Upsample    [None, 2, 'nearest']
 16           [-1, 4]  1         0  models.common.Concat                    [1]
 17                -1  1     90880  models.common.C3                        [256, 128, 1, False]
 18                -1  1    147712  models.common.Conv                      [128, 128, 3, 2]
 19          [-1, 14]  1         0  models.common.Concat                    [1]
 20                -1  1    296448  models.common.C3                        [256, 256, 1, False]
 21                -1  1    590336  models.common.Conv                      [256, 256, 3, 2]
 22          [-1, 10]  1         0  models.common.Concat                    [1]
 23                -1  1   1182720  models.common.C3                        [512, 512, 1, False]
 24      [17, 20, 23]  1     21576  models.yolo.Detect                      [3, [[10, 13, 16, 30, 33, 23], [30, 61, 62, 45, 59, 119], [116, 90, 156, 198, 373, 326]], [128, 256, 512]]
C:\Users\rb01243\Anaconda3\lib\site-packages\torch\functional.py:445: UserWarning: torch.meshgrid: in an upcoming release, it will be required to pass the indexing argument. (Triggered internally at  ..\aten\src\ATen\native\TensorShape.cpp:2157.)
  return _VF.meshgrid(tensors, **kwargs)  # type: ignore[attr-defined]
Model Summary: 270 layers, 7027720 parameters, 7027720 gradients, 15.9 GFLOPs
Transferred 344/350 items from yolov5s.pt
Scaled weight_decay = 0.00046875
[34m[1moptimizer:[39m[22m SGD with parameter groups 57 weight, 60 weight (no decay), 60 bias

[34m[1mtrain: [39m[22mScanning '..\data\datasets\All_Volunteers_Crowdsourced\labels\train' images and labels...2102 found, 0 missing, 0 empty, 0 corrupted: 100%|â–ˆâ–ˆâ–ˆâ–ˆâ–ˆâ–ˆâ–ˆâ–ˆâ–ˆâ–ˆ| 2102/2102 [00:05<00:00, 398.53it/s]
[34m[1mtrain: [39m[22mWARNING: Cache directory ..\data\datasets\All_Volunteers_Crowdsourced\labels is not writeable: [WinError 183] Cannot create a file when that file already exists: '..\\data\\datasets\\All_Volunteers_Crowdsourced\\labels\\train.cache.npy' -> '..\\data\\datasets\\All_Volunteers_Crowdsourced\\labels\\train.cache'

[34m[1mval: [39m[22mScanning '..\data\datasets\All_Volunteers_IID\labels\val' images and labels...860 found, 0 missing, 0 empty, 2 corrupted: 100%|â–ˆâ–ˆâ–ˆâ–ˆâ–ˆâ–ˆâ–ˆâ–ˆâ–ˆâ–ˆ| 860/860 [00:04<00:00, 199.34it/s]
[34m[1mval: [39m[22mWARNING: Ignoring corrupted image and/or label ..\data\datasets\All_Volunteers_IID\images\val\Unknown-X-20191113-153036-XKNMQ7OPXKU-3.1f089314ef9273e4647b.JPG: non-normalized or out of bounds coordinate labels
[34m[1mval: [39m[22mWARNING: Ignoring corrupted image and/or label ..\data\datasets\All_Volunteers_IID\images\val\Unknown-X-20191113-153036-XKNMQ7OPXKU-3.9c62fc6bf51ff6f1eafe.JPG: non-normalized or out of bounds coordinate labels
[34m[1mval: [39m[22mWARNING: Cache directory ..\data\datasets\All_Volunteers_IID\labels is not writeable: [WinError 183] Cannot create a file when that file already exists: '..\\data\\datasets\\All_Volunteers_IID\\labels\\val.cache.npy' -> '..\\data\\datasets\\All_Volunteers_IID\\labels\\val.cache'
Plotting labels...
Image sizes 640 train, 640 val
Using 8 dataloader workers
Logging results to [1mruns\train\LargeDS_cyolo3
Starting training for 10 epochs...
     Epoch   gpu_mem       box       obj       cls    labels  img_size
YOLO+BCC
  0%|          | 0/106 [00:00<?, ?it/s]
[34m[1mautoanchor: [39m[22mAnalyzing anchors... anchors/target = 5.23, Best Possible Recall (BPR) = 0.9989
batch_qtargets:  tensor([[[2.40214e-33, 2.60607e-33, 1.00000e+00, 1.14469e-29],
         [1.00639e-33, 1.27967e-33, 1.00000e+00, 4.32466e-30],
         [7.76678e-34, 7.38403e-34, 1.00000e+00, 2.13916e-30],
         ...,
         [1.54948e-34, 1.64007e-34, 1.00000e+00, 2.36612e-32],
         [1.47078e-34, 1.93685e-34, 1.00000e+00, 1.91801e-32],
         [2.01548e-34, 1.88553e-34, 1.00000e+00, 2.05459e-32]],
        [[2.35755e-33, 2.52004e-33, 1.00000e+00, 9.25248e-30],
         [9.64353e-34, 1.21275e-33, 1.00000e+00, 3.57980e-30],
         [7.84492e-34, 7.34626e-34, 1.00000e+00, 1.87792e-30],
         ...,
         [1.52648e-34, 1.86083e-34, 1.00000e+00, 1.96794e-32],
         [1.56726e-34, 2.15570e-34, 1.00000e+00, 1.86639e-32],
         [2.03974e-34, 1.99992e-34, 1.00000e+00, 1.96998e-32]],
        [[2.26129e-33, 2.31195e-33, 1.00000e+00, 1.28090e-29],
         [9.58718e-34, 1.18581e-33, 1.00000e+00, 5.01791e-30],
         [8.25056e-34, 7.28109e-34, 1.00000e+00, 2.54668e-30],
         ...,
         [1.89152e-34, 1.76729e-34, 1.00000e+00, 2.12059e-32],
         [1.89002e-34, 2.03290e-34, 1.00000e+00, 2.00174e-32],
         [2.50708e-34, 1.95240e-34, 1.00000e+00, 2.12785e-32]],
        ...,
        [[2.50577e-33, 3.26814e-33, 1.00000e+00, 1.58954e-29],
         [1.00479e-33, 1.69953e-33, 1.00000e+00, 6.23081e-30],
         [8.46893e-34, 9.90299e-34, 1.00000e+00, 2.81016e-30],
         ...,
         [1.96627e-34, 1.80270e-34, 1.00000e+00, 2.44406e-32],
         [1.79425e-34, 2.17248e-34, 1.00000e+00, 2.05183e-32],
         [2.71842e-34, 2.08734e-34, 1.00000e+00, 2.44809e-32]],
        [[2.86220e-33, 2.97350e-33, 1.00000e+00, 1.50862e-29],
         [1.22457e-33, 1.50855e-33, 1.00000e+00, 5.86331e-30],
         [9.37139e-34, 9.07807e-34, 1.00000e+00, 2.42044e-30],
         ...,
         [1.82128e-34, 1.88300e-34, 1.00000e+00, 1.71479e-32],
         [1.84906e-34, 2.19594e-34, 1.00000e+00, 1.78495e-32],
         [2.33116e-34, 1.95192e-34, 1.00000e+00, 2.00785e-32]],
        [[4.16982e-33, 4.22490e-33, 1.00000e+00, 1.57035e-29],
         [1.92700e-33, 2.18891e-33, 1.00000e+00, 6.40158e-30],
         [1.40176e-33, 1.28319e-33, 1.00000e+00, 3.04073e-30],
         ...,
         [1.75997e-34, 1.96016e-34, 1.00000e+00, 2.10936e-32],
         [1.76535e-34, 2.23338e-34, 1.00000e+00, 1.98373e-32],
         [2.35332e-34, 1.97855e-34, 1.00000e+00, 2.08287e-32]]], device='cuda:0')


       0/9     7.45G         0    0.0239         0       245       640:   1%|          | 1/106 [00:26<46:04, 26.33s/it]
batch_qtargets:  tensor([[[4.27314e-33, 3.02475e-33, 1.00000e+00, 3.52741e-29],
         [2.06207e-33, 1.61992e-33, 1.00000e+00, 1.37027e-29],
         [1.45306e-33, 1.03884e-33, 1.00000e+00, 6.03284e-30],
         ...,
         [1.56573e-34, 1.65334e-34, 1.00000e+00, 2.25777e-32],
         [1.60580e-34, 1.95526e-34, 1.00000e+00, 2.03798e-32],
         [2.33900e-34, 1.89395e-34, 1.00000e+00, 2.32418e-32]],
        [[3.90573e-33, 3.26595e-33, 1.00000e+00, 2.53605e-29],
         [1.79736e-33, 1.84471e-33, 1.00000e+00, 1.03213e-29],
         [1.46786e-33, 1.31289e-33, 1.00000e+00, 4.71620e-30],
         ...,
         [1.42396e-34, 1.62414e-34, 1.00000e+00, 1.96062e-32],
         [1.45489e-34, 1.85267e-34, 1.00000e+00, 1.76276e-32],
         [2.06189e-34, 1.74734e-34, 1.00000e+00, 1.93093e-32]],
        [[3.08686e-33, 2.58974e-33, 1.00000e+00, 1.77099e-29],
         [1.41456e-33, 1.39306e-33, 1.00000e+00, 7.14017e-30],
         [1.25867e-33, 1.01014e-33, 1.00000e+00, 4.26333e-30],
         ...,
         [2.00738e-34, 1.67191e-34, 1.00000e+00, 2.51258e-32],
         [1.99614e-34, 1.86174e-34, 1.00000e+00, 2.10910e-32],
         [2.70023e-34, 1.74820e-34, 1.00000e+00, 2.30075e-32]],
        ...,
        [[4.50178e-33, 3.76299e-33, 1.00000e+00, 2.18915e-29],
         [2.09595e-33, 1.80980e-33, 1.00000e+00, 8.52170e-30],
         [1.42088e-33, 1.08465e-33, 1.00000e+00, 4.66865e-30],
         ...,
         [1.98314e-34, 2.41914e-34, 1.00000e+00, 2.13852e-32],
         [2.06807e-34, 2.99546e-34, 1.00000e+00, 2.04696e-32],
         [2.48787e-34, 2.63318e-34, 1.00000e+00, 1.94643e-32]],
        [[3.03659e-33, 3.57339e-33, 1.00000e+00, 2.05125e-29],
         [1.39144e-33, 2.02800e-33, 1.00000e+00, 8.72006e-30],
         [9.57023e-34, 1.18849e-33, 1.00000e+00, 3.49282e-30],
         ...,
         [1.61504e-34, 1.64218e-34, 1.00000e+00, 2.08720e-32],
         [1.65052e-34, 2.03576e-34, 1.00000e+00, 1.92446e-32],
         [2.50647e-34, 1.91101e-34, 1.00000e+00, 2.25942e-32]],
        [[3.97985e-33, 2.77974e-33, 1.00000e+00, 1.82899e-29],
         [2.39190e-33, 1.79079e-33, 1.00000e+00, 9.09348e-30],
         [1.23200e-33, 1.10321e-33, 1.00000e+00, 3.83213e-30],
         ...,
         [4.30102e-34, 3.49692e-34, 1.00000e+00, 8.42608e-32],
         [4.26729e-34, 3.42405e-34, 1.00000e+00, 4.64906e-32],
         [2.94974e-34, 2.01363e-34, 1.00000e+00, 2.15319e-32]]], device='cuda:0')

       0/9     9.99G         0   0.02372         0       283       640:   2%|â–         | 2/106 [00:48<41:52, 24.16s/it]
batch_qtargets:  tensor([[[2.35237e-33, 1.97366e-33, 1.00000e+00, 1.29315e-29],
         [1.06901e-33, 1.09871e-33, 1.00000e+00, 5.26997e-30],
         [1.14178e-33, 8.76928e-34, 1.00000e+00, 3.67298e-30],
         ...,
         [1.82707e-34, 1.71281e-34, 1.00000e+00, 2.72638e-32],
         [1.77757e-34, 1.75247e-34, 1.00000e+00, 2.36294e-32],
         [2.69217e-34, 1.71742e-34, 1.00000e+00, 2.73722e-32]],
        [[3.31050e-33, 3.16624e-33, 1.00000e+00, 1.60445e-29],
         [1.53662e-33, 1.67461e-33, 1.00000e+00, 6.50437e-30],
         [1.31860e-33, 1.15108e-33, 1.00000e+00, 4.24334e-30],
         ...,
         [1.93413e-34, 1.84860e-34, 1.00000e+00, 2.78066e-32],
         [1.76180e-34, 1.91615e-34, 1.00000e+00, 2.36915e-32],
         [2.43589e-34, 1.79271e-34, 1.00000e+00, 2.50599e-32]],
        [[3.95587e-33, 3.25540e-33, 1.00000e+00, 1.77326e-29],
         [1.91340e-33, 1.78175e-33, 1.00000e+00, 7.16243e-30],
         [1.90060e-33, 1.27235e-33, 1.00000e+00, 4.70470e-30],
         ...,
         [1.26249e-34, 1.54523e-34, 1.00000e+00, 2.21342e-32],
         [1.26018e-34, 1.92953e-34, 1.00000e+00, 2.11039e-32],
         [2.03625e-34, 1.69296e-34, 1.00000e+00, 2.49439e-32]],
        ...,
        [[4.39160e-33, 3.16315e-33, 1.00000e+00, 3.73365e-29],
         [1.99985e-33, 1.63422e-33, 1.00000e+00, 1.39670e-29],
         [1.30252e-33, 8.72923e-34, 1.00000e+00, 5.80633e-30],
         ...,
         [1.91498e-34, 2.23789e-34, 1.00000e+00, 2.18550e-32],
         [1.75022e-34, 2.22169e-34, 1.00000e+00, 2.06213e-32],
         [2.57548e-34, 1.95466e-34, 1.00000e+00, 2.44525e-32]],
        [[3.61684e-33, 3.27193e-33, 1.00000e+00, 1.93664e-29],
         [1.77307e-33, 1.90850e-33, 1.00000e+00, 8.31262e-30],
         [1.58230e-33, 1.35284e-33, 1.00000e+00, 5.01516e-30],
         ...,
         [1.57397e-34, 2.04947e-34, 1.00000e+00, 2.64960e-32],
         [1.38988e-34, 2.14272e-34, 1.00000e+00, 2.05873e-32],
         [2.29348e-34, 2.05047e-34, 1.00000e+00, 2.54158e-32]],
        [[3.36017e-33, 2.69915e-33, 1.00000e+00, 1.97652e-29],
         [1.54848e-33, 1.43368e-33, 1.00000e+00, 8.04017e-30],
         [1.40552e-33, 1.01279e-33, 1.00000e+00, 5.11720e-30],
         ...,
         [1.43207e-34, 2.08251e-34, 1.00000e+00, 1.85504e-32],
         [1.38108e-34, 2.38498e-34, 1.00000e+00, 1.63916e-32],
         [2.19594e-34, 2.14966e-34, 1.00000e+00, 1.88782e-32]]], device='cuda:0')

       0/9       10G         0   0.02353         0       192       640:   3%|â–Ž         | 3/106 [01:11<40:11, 23.41s/it]
batch_qtargets:  tensor([[[4.89858e-33, 4.74410e-33, 1.00000e+00, 3.57400e-29],
         [2.17440e-33, 2.56848e-33, 1.00000e+00, 1.36268e-29],
         [1.16075e-33, 1.33349e-33, 1.00000e+00, 4.19979e-30],
         ...,
         [1.72340e-34, 1.78540e-34, 1.00000e+00, 2.44466e-32],
         [1.64519e-34, 1.81995e-34, 1.00000e+00, 2.11994e-32],
         [2.25420e-34, 1.81739e-34, 1.00000e+00, 2.31018e-32]],
        [[2.87130e-33, 2.58200e-33, 1.00000e+00, 1.31200e-29],
         [1.35358e-33, 1.51335e-33, 1.00000e+00, 5.58424e-30],
         [1.43535e-33, 1.13760e-33, 1.00000e+00, 3.81487e-30],
         ...,
         [1.66539e-34, 1.83288e-34, 1.00000e+00, 2.57263e-32],
         [1.58797e-34, 1.82239e-34, 1.00000e+00, 2.21707e-32],
         [2.26178e-34, 1.75611e-34, 1.00000e+00, 2.47634e-32]],
        [[4.41740e-33, 3.54407e-33, 1.00000e+00, 2.51662e-29],
         [1.98513e-33, 1.74419e-33, 1.00000e+00, 9.49505e-30],
         [1.72693e-33, 1.15291e-33, 1.00000e+00, 5.82870e-30],
         ...,
         [1.53330e-34, 1.62008e-34, 1.00000e+00, 2.48482e-32],
         [1.52639e-34, 1.87588e-34, 1.00000e+00, 2.02434e-32],
         [2.28579e-34, 1.65850e-34, 1.00000e+00, 2.21992e-32]],
        ...,
        [[3.18213e-33, 2.49859e-33, 1.00000e+00, 1.69102e-29],
         [1.59783e-33, 1.41811e-33, 1.00000e+00, 7.33855e-30],
         [1.50754e-33, 1.08180e-33, 1.00000e+00, 4.90437e-30],
         ...,
         [1.59769e-34, 1.70968e-34, 1.00000e+00, 2.43899e-32],
         [1.45134e-34, 1.75108e-34, 1.00000e+00, 2.07374e-32],
         [2.39125e-34, 1.66062e-34, 1.00000e+00, 2.55979e-32]],
        [[4.72417e-33, 3.81339e-33, 1.00000e+00, 4.51300e-29],
         [2.27889e-33, 2.15985e-33, 1.00000e+00, 1.78227e-29],
         [1.70691e-33, 1.40793e-33, 1.00000e+00, 7.56272e-30],
         ...,
         [2.05185e-34, 1.87909e-34, 1.00000e+00, 2.49120e-32],
         [1.95204e-34, 1.92142e-34, 1.00000e+00, 2.20695e-32],
         [2.64784e-34, 2.08111e-34, 1.00000e+00, 2.52750e-32]],
        [[3.22869e-33, 2.20245e-33, 1.00000e+00, 2.01649e-29],
         [1.61193e-33, 1.21156e-33, 1.00000e+00, 8.39061e-30],
         [1.44211e-33, 9.17668e-34, 1.00000e+00, 5.26676e-30],
         ...,
         [1.31615e-34, 1.50025e-34, 1.00000e+00, 2.15280e-32],
         [1.41971e-34, 1.73417e-34, 1.00000e+00, 2.07501e-32],
         [2.20467e-34, 1.45489e-34, 1.00000e+00, 2.32517e-32]]], device='cuda:0')

       0/9       10G         0   0.02335         0       234       640:   4%|â–         | 4/106 [01:34<39:24, 23.18s/it]
batch_qtargets:  tensor([[[5.28952e-33, 3.69088e-33, 1.00000e+00, 4.18354e-29],
         [2.79164e-33, 2.13664e-33, 1.00000e+00, 1.76645e-29],
         [1.88581e-33, 1.46169e-33, 1.00000e+00, 7.60113e-30],
         ...,
         [1.66214e-34, 1.49385e-34, 1.00000e+00, 2.31653e-32],
         [1.66804e-34, 1.75772e-34, 1.00000e+00, 1.94299e-32],
         [2.53431e-34, 1.82751e-34, 1.00000e+00, 2.47393e-32]],
        [[3.11088e-33, 2.50180e-33, 1.00000e+00, 1.75174e-29],
         [1.33251e-33, 1.33365e-33, 1.00000e+00, 6.72725e-30],
         [1.15115e-33, 9.12306e-34, 1.00000e+00, 3.73173e-30],
         ...,
         [1.70135e-34, 1.72772e-34, 1.00000e+00, 2.42963e-32],
         [1.52844e-34, 1.72614e-34, 1.00000e+00, 2.01301e-32],
         [2.32576e-34, 1.71501e-34, 1.00000e+00, 2.33100e-32]],
        [[4.48231e-33, 3.20297e-33, 1.00000e+00, 4.68705e-29],
         [2.70674e-33, 2.09135e-33, 1.00000e+00, 2.17689e-29],
         [1.95281e-33, 1.37935e-33, 1.00000e+00, 8.70996e-30],
         ...,
         [1.40987e-34, 1.67069e-34, 1.00000e+00, 1.97275e-32],
         [1.43181e-34, 2.06038e-34, 1.00000e+00, 1.81538e-32],
         [2.27368e-34, 1.95824e-34, 1.00000e+00, 2.02657e-32]],
        ...,
        [[3.63854e-33, 3.51563e-33, 1.00000e+00, 2.65160e-29],
         [1.65157e-33, 2.09020e-33, 1.00000e+00, 1.09214e-29],
         [1.32343e-33, 1.32465e-33, 1.00000e+00, 5.00690e-30],
         ...,
         [1.62592e-34, 1.77670e-34, 1.00000e+00, 2.16347e-32],
         [1.60169e-34, 2.13306e-34, 1.00000e+00, 1.93731e-32],
         [2.40237e-34, 2.22305e-34, 1.00000e+00, 2.27076e-32]],
        [[3.40248e-33, 2.81697e-33, 1.00000e+00, 1.99543e-29],
         [1.63622e-33, 1.51095e-33, 1.00000e+00, 8.09581e-30],
         [1.32505e-33, 9.91085e-34, 1.00000e+00, 4.66040e-30],
         ...,
         [1.73586e-34, 1.98036e-34, 1.00000e+00, 2.21897e-32],
         [1.64639e-34, 2.16243e-34, 1.00000e+00, 2.02781e-32],
         [2.29586e-34, 1.95490e-34, 1.00000e+00, 2.26674e-32]],
        [[3.92101e-33, 2.94604e-33, 1.00000e+00, 2.75386e-29],
         [1.72187e-33, 1.55340e-33, 1.00000e+00, 1.02559e-29],
         [1.54905e-33, 1.17888e-33, 1.00000e+00, 5.90317e-30],
         ...,
         [1.59993e-34, 2.08289e-34, 1.00000e+00, 4.42886e-32],
         [1.41703e-34, 2.31443e-34, 1.00000e+00, 3.66047e-32],
         [2.49441e-34, 2.25833e-34, 1.00000e+00, 4.62134e-32]]], device='cuda:0')


       0/9       10G         0   0.02293         0       192       640:   6%|â–Œ         | 6/106 [02:20<38:32, 23.13s/it]
batch_qtargets:  tensor([[[4.49684e-33, 3.48508e-33, 1.00000e+00, 2.88004e-29],
         [2.27903e-33, 1.92629e-33, 1.00000e+00, 1.17808e-29],
         [1.19584e-33, 1.02404e-33, 1.00000e+00, 4.55133e-30],
         ...,
         [1.15973e-34, 1.80435e-34, 1.00000e+00, 2.09077e-32],
         [1.26805e-34, 2.22889e-34, 1.00000e+00, 2.00651e-32],
         [2.00419e-34, 2.14193e-34, 1.00000e+00, 2.32418e-32]],
        [[4.35476e-33, 3.17999e-33, 1.00000e+00, 2.81006e-29],
         [2.03035e-33, 1.70410e-33, 1.00000e+00, 1.10319e-29],
         [1.56434e-33, 1.12978e-33, 1.00000e+00, 5.61054e-30],
         ...,
         [1.92342e-34, 2.03600e-34, 1.00000e+00, 2.45318e-32],
         [1.68956e-34, 1.96339e-34, 1.00000e+00, 2.20695e-32],
         [2.58556e-34, 1.77735e-34, 1.00000e+00, 2.79325e-32]],
        [[5.34730e-33, 4.67426e-33, 1.00000e+00, 3.71116e-29],
         [2.41581e-33, 2.47824e-33, 1.00000e+00, 1.37714e-29],
         [1.41171e-33, 1.35913e-33, 1.00000e+00, 5.34578e-30],
         ...,
         [1.58758e-34, 1.54278e-34, 1.00000e+00, 2.01842e-32],
         [1.47816e-34, 1.84410e-34, 1.00000e+00, 1.70061e-32],
         [2.20064e-34, 1.72383e-34, 1.00000e+00, 2.03773e-32]],
        ...,
        [[4.59955e-33, 4.49794e-33, 1.00000e+00, 3.40285e-29],
         [2.07065e-33, 2.45776e-33, 1.00000e+00, 1.31416e-29],
         [1.17465e-33, 1.32457e-33, 1.00000e+00, 4.95764e-30],
         ...,
         [1.67314e-34, 1.83478e-34, 1.00000e+00, 2.08605e-32],
         [1.65142e-34, 2.30780e-34, 1.00000e+00, 1.91415e-32],
         [2.60457e-34, 2.02547e-34, 1.00000e+00, 2.51135e-32]],
        [[4.65405e-33, 3.23460e-33, 1.00000e+00, 3.35767e-29],
         [2.31463e-33, 1.72819e-33, 1.00000e+00, 1.34188e-29],
         [1.95126e-33, 1.27390e-33, 1.00000e+00, 7.87648e-30],
         ...,
         [1.91674e-34, 2.27382e-34, 1.00000e+00, 2.05334e-32],
         [1.67263e-34, 2.39096e-34, 1.00000e+00, 1.93613e-32],
         [2.41148e-34, 2.07565e-34, 1.00000e+00, 2.37306e-32]],
        [[4.20972e-33, 2.90817e-33, 1.00000e+00, 2.36472e-29],
         [2.12260e-33, 1.48317e-33, 1.00000e+00, 9.68114e-30],
         [1.40372e-33, 9.01843e-34, 1.00000e+00, 5.17625e-30],
         ...,
         [1.39787e-34, 2.03613e-34, 1.00000e+00, 1.96914e-32],
         [1.34884e-34, 2.27438e-34, 1.00000e+00, 1.70061e-32],
         [2.08670e-34, 2.18178e-34, 1.00000e+00, 2.04621e-32]]], device='cuda:0')
batch_qtargets_yolo:  tensor([], device='cuda:0', size=(0, 6))
batch_qtargets:  tensor([[[4.65291e-33, 4.30771e-33, 1.00000e+00, 3.19961e-29],
         [2.19172e-33, 2.35956e-33, 1.00000e+00, 1.26536e-29],
         [1.37154e-33, 1.48082e-33, 1.00000e+00, 5.86654e-30],
         ...,
         [1.64921e-34, 1.60169e-34, 1.00000e+00, 2.26660e-32],
         [1.60414e-34, 2.02053e-34, 1.00000e+00, 1.86787e-32],
         [2.64914e-34, 1.86777e-34, 1.00000e+00, 2.56386e-32]],
        [[4.36941e-33, 3.55078e-33, 1.00000e+00, 2.88004e-29],
         [2.29914e-33, 1.96644e-33, 1.00000e+00, 1.18435e-29],
         [1.29475e-33, 1.10334e-33, 1.00000e+00, 4.98130e-30],
         ...,
         [1.63727e-34, 1.51340e-34, 1.00000e+00, 2.72123e-32],
         [1.52685e-34, 1.72593e-34, 1.00000e+00, 2.34770e-32],
         [2.46430e-34, 1.79140e-34, 1.00000e+00, 2.94738e-32]],
        [[5.29501e-33, 3.25838e-33, 1.00000e+00, 3.54705e-29],
         [2.93294e-33, 1.78556e-33, 1.00000e+00, 1.53042e-29],
         [2.06699e-33, 1.23682e-33, 1.00000e+00, 8.84766e-30],
         ...,
         [2.04684e-34, 2.32590e-34, 1.00000e+00, 2.91429e-32],
         [1.72383e-34, 2.12112e-34, 1.00000e+00, 2.37103e-32],
         [2.64445e-34, 2.01609e-34, 1.00000e+00, 2.94324e-32]],
        ...,
        [[6.55365e-33, 4.73167e-33, 1.00000e+00, 6.66571e-29],
         [3.48189e-33, 2.76822e-33, 1.00000e+00, 2.76380e-29],
         [2.35439e-33, 1.82033e-33, 1.00000e+00, 1.11205e-29],
         ...,
         [2.12929e-34, 2.03799e-34, 1.00000e+00, 2.75347e-32],
         [2.00627e-34, 2.16573e-34, 1.00000e+00, 2.54251e-32],
         [2.74024e-34, 2.25654e-34, 1.00000e+00, 2.87121e-32]],
        [[5.03407e-33, 3.58826e-33, 1.00000e+00, 4.28039e-29],
         [2.89294e-33, 2.19976e-33, 1.00000e+00, 1.92521e-29],
         [2.05767e-33, 1.51483e-33, 1.00000e+00, 8.94376e-30],
         ...,
         [1.79962e-34, 1.76611e-34, 1.00000e+00, 2.50706e-32],
         [1.78061e-34, 1.98435e-34, 1.00000e+00, 2.36251e-32],
         [2.55170e-34, 2.15649e-34, 1.00000e+00, 2.64153e-32]],
        [[6.18030e-33, 5.10305e-33, 1.00000e+00, 5.97183e-29],
         [3.10348e-33, 2.95829e-33, 1.00000e+00, 2.44098e-29],
         [2.08816e-33, 1.91843e-33, 1.00000e+00, 8.79489e-30],
         ...,
         [1.46442e-34, 1.54806e-34, 1.00000e+00, 2.46037e-32],
         [1.34604e-34, 1.58458e-34, 1.00000e+00, 2.11606e-32],
         [2.07274e-34, 1.62423e-34, 1.00000e+00, 2.35316e-32]]], device='cuda:0')

       0/9       10G         0   0.02265         0       209       640:   7%|â–‹         | 7/106 [02:43<38:02, 23.06s/it]
batch_qtargets:  tensor([[[5.83463e-33, 4.97512e-33, 1.00000e+00, 5.13486e-29],
         [2.85105e-33, 2.76941e-33, 1.00000e+00, 2.00385e-29],
         [1.85442e-33, 1.72009e-33, 1.00000e+00, 7.77617e-30],
         ...,
         [1.41824e-34, 1.40600e-34, 1.00000e+00, 2.85774e-32],
         [1.30471e-34, 1.55763e-34, 1.00000e+00, 2.25928e-32],
         [2.01843e-34, 1.69079e-34, 1.00000e+00, 2.56589e-32]],
        [[4.51637e-33, 3.44911e-33, 1.00000e+00, 3.13122e-29],
         [2.45027e-33, 2.04815e-33, 1.00000e+00, 1.34221e-29],
         [2.04029e-33, 1.55511e-33, 1.00000e+00, 8.00296e-30],
         ...,
         [1.88541e-34, 1.95121e-34, 1.00000e+00, 2.39532e-32],
         [1.91370e-34, 2.46942e-34, 1.00000e+00, 2.25130e-32],
         [2.72357e-34, 2.10358e-34, 1.00000e+00, 2.57924e-32]],
        [[5.14496e-33, 4.70402e-33, 1.00000e+00, 6.11232e-29],
         [2.45491e-33, 2.76249e-33, 1.00000e+00, 2.39596e-29],
         [1.62418e-33, 1.72440e-33, 1.00000e+00, 8.15881e-30],
         ...,
         [1.46549e-34, 1.56745e-34, 1.00000e+00, 2.55901e-32],
         [1.35644e-34, 1.70457e-34, 1.00000e+00, 2.07919e-32],
         [2.25118e-34, 1.72036e-34, 1.00000e+00, 2.49211e-32]],
        ...,
        [[4.29930e-33, 2.90037e-33, 1.00000e+00, 3.42577e-29],
         [2.14526e-33, 1.67666e-33, 1.00000e+00, 1.38684e-29],
         [1.80848e-33, 1.30578e-33, 1.00000e+00, 7.53278e-30],
         ...,
         [1.92002e-34, 2.78170e-34, 1.00000e+00, 2.69511e-32],
         [1.96975e-34, 2.59046e-34, 1.00000e+00, 2.18964e-32],
         [2.65675e-34, 2.33372e-34, 1.00000e+00, 2.50706e-32]],
        [[5.91170e-33, 4.14496e-33, 1.00000e+00, 6.33451e-29],
         [3.08309e-33, 2.46888e-33, 1.00000e+00, 2.58402e-29],
         [2.26599e-33, 1.71988e-33, 1.00000e+00, 1.08523e-29],
         ...,
         [1.76331e-34, 1.96783e-34, 1.00000e+00, 2.45647e-32],
         [1.59049e-34, 1.88173e-34, 1.00000e+00, 1.93282e-32],
         [2.48317e-34, 1.95264e-34, 1.00000e+00, 2.59139e-32]],
        [[7.17190e-33, 4.69198e-33, 1.00000e+00, 7.75032e-29],
         [4.06702e-33, 2.76198e-33, 1.00000e+00, 3.33357e-29],
         [2.55863e-33, 1.67748e-33, 1.00000e+00, 1.29213e-29],
         ...,
         [1.70457e-34, 1.83893e-34, 1.00000e+00, 2.41161e-32],
         [1.72204e-34, 2.18885e-34, 1.00000e+00, 2.25102e-32],
         [2.42906e-34, 2.16348e-34, 1.00000e+00, 2.58065e-32]]], device='cuda:0')

       0/9       10G         0   0.02239         0       205       640:   8%|â–Š         | 8/106 [03:06<37:50, 23.16s/it]
batch_qtargets:  tensor([[[6.84348e-33, 4.57072e-33, 1.00000e+00, 6.08849e-29],
         [3.81292e-33, 2.63389e-33, 1.00000e+00, 2.57143e-29],
         [2.16737e-33, 1.46312e-33, 1.00000e+00, 1.00092e-29],
         ...,
         [1.54014e-34, 1.59428e-34, 1.00000e+00, 2.41706e-32],
         [1.39140e-34, 1.75300e-34, 1.00000e+00, 2.04047e-32],
         [2.31825e-34, 1.81983e-34, 1.00000e+00, 2.63509e-32]],
        [[6.04119e-33, 5.25573e-33, 1.00000e+00, 5.07441e-29],
         [2.82644e-33, 2.83422e-33, 1.00000e+00, 1.90988e-29],
         [1.34419e-33, 1.55929e-33, 1.00000e+00, 6.05793e-30],
         ...,
         [1.82640e-34, 1.75300e-34, 1.00000e+00, 2.85844e-32],
         [1.81506e-34, 2.06756e-34, 1.00000e+00, 2.58902e-32],
         [2.63318e-34, 1.99492e-34, 1.00000e+00, 2.86648e-32]],
        [[5.23524e-33, 3.02069e-33, 1.00000e+00, 3.32119e-29],
         [3.27793e-33, 1.74430e-33, 1.00000e+00, 1.53276e-29],
         [2.06258e-33, 1.05933e-33, 1.00000e+00, 8.48744e-30],
         ...,
         [1.50851e-34, 1.50162e-34, 1.00000e+00, 2.25350e-32],
         [1.48485e-34, 1.80050e-34, 1.00000e+00, 2.09422e-32],
         [2.14285e-34, 1.92612e-34, 1.00000e+00, 2.19084e-32]],
        ...,
        [[7.65498e-33, 5.45543e-33, 1.00000e+00, 7.54081e-29],
         [4.40368e-33, 3.23066e-33, 1.00000e+00, 3.35501e-29],
         [2.40111e-33, 1.72114e-33, 1.00000e+00, 1.16934e-29],
         ...,
         [1.99224e-34, 2.15992e-34, 1.00000e+00, 2.61586e-32],
         [1.95013e-34, 2.40927e-34, 1.00000e+00, 2.47302e-32],
         [2.74912e-34, 2.46340e-34, 1.00000e+00, 2.83931e-32]],
        [[5.92145e-33, 4.31271e-33, 1.00000e+00, 6.19798e-29],
         [2.90550e-33, 2.52281e-33, 1.00000e+00, 2.41284e-29],
         [2.08804e-33, 1.83360e-33, 1.00000e+00, 9.72853e-30],
         ...,
         [1.53676e-34, 1.48567e-34, 1.00000e+00, 3.02631e-32],
         [1.42614e-34, 1.72583e-34, 1.00000e+00, 2.43527e-32],
         [2.84315e-34, 2.00505e-34, 1.00000e+00, 3.23607e-32]],
        [[5.08037e-33, 3.45543e-33, 1.00000e+00, 3.59720e-29],
         [2.41464e-33, 1.83976e-33, 1.00000e+00, 1.36543e-29],
         [1.71872e-33, 1.28468e-33, 1.00000e+00, 7.14017e-30],
         ...,
         [1.54005e-34, 1.87245e-34, 1.00000e+00, 3.60152e-32],
         [1.46549e-34, 2.01007e-34, 1.00000e+00, 2.87945e-32],
         [2.86790e-34, 2.29572e-34, 1.00000e+00, 3.75735e-32]]], device='cuda:0')

       0/9       10G         0   0.02213         0       284       640:   8%|â–Š         | 9/106 [03:29<36:57, 22.86s/it]
batch_qtargets:  tensor([[[5.62208e-33, 3.13451e-33, 1.00000e+00, 2.63370e-29],
         [2.61994e-33, 1.68795e-33, 1.00000e+00, 1.05120e-29],
         [8.66871e-34, 8.43385e-34, 1.00000e+00, 3.11817e-30],
         ...,
         [2.92089e-34, 2.39140e-34, 1.00000e+00, 6.40748e-32],
         [4.93024e-34, 2.79173e-34, 1.00000e+00, 7.12715e-32],
         [2.72374e-34, 1.42370e-34, 1.00000e+00, 2.96072e-32]],
        [[5.99638e-33, 3.13126e-33, 1.00000e+00, 3.33541e-29],
         [2.79556e-33, 1.67819e-33, 1.00000e+00, 1.31995e-29],
         [1.10012e-33, 9.28768e-34, 1.00000e+00, 4.11454e-30],
         ...,
         [2.46490e-34, 1.73163e-34, 1.00000e+00, 5.80992e-32],
         [4.19934e-34, 2.47666e-34, 1.00000e+00, 6.89145e-32],
         [2.50417e-34, 1.21768e-34, 1.00000e+00, 2.70005e-32]],
        [[8.46451e-33, 5.78075e-33, 1.00000e+00, 9.71574e-29],
         [4.82116e-33, 3.50407e-33, 1.00000e+00, 4.10362e-29],
         [2.43224e-33, 1.75273e-33, 1.00000e+00, 1.18623e-29],
         ...,
         [1.84252e-34, 2.03228e-34, 1.00000e+00, 2.71062e-32],
         [1.82217e-34, 2.25159e-34, 1.00000e+00, 2.51273e-32],
         [2.68823e-34, 1.98532e-34, 1.00000e+00, 2.96615e-32]],
        ...,
        [[4.56431e-33, 2.83820e-33, 1.00000e+00, 4.38003e-29],
         [2.26060e-33, 1.51279e-33, 1.00000e+00, 1.70595e-29],
         [1.39723e-33, 9.02338e-34, 1.00000e+00, 7.56827e-30],
         ...,
         [1.64138e-34, 1.75568e-34, 1.00000e+00, 3.09694e-32],
         [1.66042e-34, 1.91709e-34, 1.00000e+00, 2.60837e-32],
         [2.70468e-34, 2.21209e-34, 1.00000e+00, 3.38724e-32]],
        [[6.18030e-33, 4.58441e-33, 1.00000e+00, 6.21389e-29],
         [3.30949e-33, 2.78755e-33, 1.00000e+00, 2.49399e-29],
         [2.24424e-33, 1.96045e-33, 1.00000e+00, 1.05171e-29],
         ...,
         [1.71125e-34, 1.68966e-34, 1.00000e+00, 2.61283e-32],
         [1.54825e-34, 1.79677e-34, 1.00000e+00, 2.31922e-32],
         [2.57218e-34, 1.79053e-34, 1.00000e+00, 2.72305e-32]],
        [[9.36707e-33, 5.32093e-33, 1.00000e+00, 7.44432e-29],
         [4.68969e-33, 2.75541e-33, 1.00000e+00, 2.93219e-29],
         [3.25322e-33, 1.45537e-33, 1.00000e+00, 1.30704e-29],
         ...,
         [3.87145e-34, 2.81793e-34, 1.00000e+00, 3.93503e-32],
         [2.20656e-34, 2.19340e-34, 1.00000e+00, 2.41176e-32],
         [3.61057e-34, 2.31400e-34, 1.00000e+00, 3.03927e-32]]], device='cuda:0')

       0/9       10G         0   0.02185         0       251       640:   9%|â–‰         | 10/106 [03:51<36:32, 22.84s/it]
batch_qtargets:  tensor([[[5.92977e-33, 3.22376e-33, 1.00000e+00, 4.29479e-29],
         [3.72369e-33, 1.95114e-33, 1.00000e+00, 2.02253e-29],
         [2.52111e-33, 1.26669e-33, 1.00000e+00, 1.14861e-29],
         ...,
         [2.06529e-34, 2.81827e-34, 1.00000e+00, 2.90558e-32],
         [1.87348e-34, 2.98542e-34, 1.00000e+00, 2.89549e-32],
         [2.26399e-34, 2.45769e-34, 1.00000e+00, 2.60948e-32]],
        [[9.83219e-33, 5.58651e-33, 1.00000e+00, 8.31386e-29],
         [4.99825e-33, 2.94604e-33, 1.00000e+00, 3.38070e-29],
         [3.38116e-33, 1.50340e-33, 1.00000e+00, 1.42398e-29],
         ...,
         [3.86908e-34, 2.52320e-34, 1.00000e+00, 4.32337e-32],
         [1.99528e-34, 1.91709e-34, 1.00000e+00, 2.35014e-32],
         [3.26765e-34, 1.98908e-34, 1.00000e+00, 2.86141e-32]],
        [[5.35220e-33, 3.92125e-33, 1.00000e+00, 4.08637e-29],
         [2.82869e-33, 2.22800e-33, 1.00000e+00, 1.62317e-29],
         [1.70254e-33, 1.42357e-33, 1.00000e+00, 7.62111e-30],
         ...,
         [1.92295e-34, 1.92788e-34, 1.00000e+00, 3.04558e-32],
         [1.65132e-34, 2.12604e-34, 1.00000e+00, 2.98759e-32],
         [2.70270e-34, 2.26952e-34, 1.00000e+00, 3.41860e-32]],
        ...,
        [[6.84682e-33, 4.78102e-33, 1.00000e+00, 5.60283e-29],
         [3.58432e-33, 2.59955e-33, 1.00000e+00, 2.19718e-29],
         [1.73178e-33, 1.31065e-33, 1.00000e+00, 8.03281e-30],
         ...,
         [1.83825e-34, 1.79173e-34, 1.00000e+00, 2.92534e-32],
         [1.70926e-34, 1.96747e-34, 1.00000e+00, 2.45782e-32],
         [2.41501e-34, 1.80644e-34, 1.00000e+00, 2.78814e-32]],
        [[6.49868e-33, 4.19100e-33, 1.00000e+00, 4.92069e-29],
         [3.59549e-33, 2.34864e-33, 1.00000e+00, 2.04950e-29],
         [1.85941e-33, 1.17737e-33, 1.00000e+00, 8.11411e-30],
         ...,
         [1.36941e-34, 1.91756e-34, 1.00000e+00, 2.22983e-32],
         [1.43645e-34, 2.37728e-34, 1.00000e+00, 2.23201e-32],
         [2.08785e-34, 2.18271e-34, 1.00000e+00, 2.45407e-32]],
        [[6.90853e-33, 5.26858e-33, 1.00000e+00, 5.77151e-29],
         [3.46895e-33, 2.93939e-33, 1.00000e+00, 2.22145e-29],
         [1.78349e-33, 1.66432e-33, 1.00000e+00, 8.09433e-30],
         ...,
         [1.45649e-34, 1.45782e-34, 1.00000e+00, 2.56073e-32],
         [1.36474e-34, 1.85222e-34, 1.00000e+00, 2.05484e-32],
         [2.22020e-34, 1.74926e-34, 1.00000e+00, 2.48649e-32]]], device='cuda:0')

       0/9       10G         0   0.02158         0       317       640:  10%|â–ˆ         | 11/106 [04:14<36:16, 22.91s/it]
batch_qtargets:  tensor([[[6.19088e-33, 4.40421e-33, 1.00000e+00, 5.83848e-29],
         [3.26077e-33, 2.59116e-33, 1.00000e+00, 2.32281e-29],
         [2.00425e-33, 1.64996e-33, 1.00000e+00, 9.42806e-30],
         ...,
         [1.53761e-34, 1.52918e-34, 1.00000e+00, 2.77557e-32],
         [1.46397e-34, 1.79501e-34, 1.00000e+00, 2.37872e-32],
         [2.59473e-34, 2.12241e-34, 1.00000e+00, 3.01948e-32]],
        [[9.46477e-33, 7.08619e-33, 1.00000e+00, 9.56453e-29],
         [4.82617e-33, 3.84072e-33, 1.00000e+00, 3.73707e-29],
         [2.31845e-33, 1.93749e-33, 1.00000e+00, 1.13260e-29],
         ...,
         [1.62305e-34, 1.74287e-34, 1.00000e+00, 2.44346e-32],
         [1.49048e-34, 2.01216e-34, 1.00000e+00, 2.41780e-32],
         [2.22875e-34, 2.06315e-34, 1.00000e+00, 2.78525e-32]],
        [[8.93594e-33, 5.57527e-33, 1.00000e+00, 7.95253e-29],
         [5.40769e-33, 3.25183e-33, 1.00000e+00, 3.53215e-29],
         [2.57115e-33, 1.50221e-33, 1.00000e+00, 1.28953e-29],
         ...,
         [1.44683e-34, 1.63019e-34, 1.00000e+00, 2.95296e-32],
         [1.42858e-34, 1.77464e-34, 1.00000e+00, 2.52072e-32],
         [2.14063e-34, 1.83355e-34, 1.00000e+00, 2.81498e-32]],
        ...,
        [[8.13577e-33, 5.41364e-33, 1.00000e+00, 6.16402e-29],
         [4.30193e-33, 2.88906e-33, 1.00000e+00, 2.50375e-29],
         [1.72545e-33, 1.25844e-33, 1.00000e+00, 7.85631e-30],
         ...,
         [1.43724e-34, 2.15649e-34, 1.00000e+00, 2.21180e-32],
         [1.33622e-34, 2.47878e-34, 1.00000e+00, 2.11026e-32],
         [1.99979e-34, 2.25737e-34, 1.00000e+00, 2.14834e-32]],
        [[8.79149e-33, 7.10915e-33, 1.00000e+00, 1.00997e-28],
         [4.78277e-33, 4.26428e-33, 1.00000e+00, 4.34806e-29],
         [2.18677e-33, 2.07027e-33, 1.00000e+00, 1.01967e-29],
         ...,
         [1.37771e-34, 1.78671e-34, 1.00000e+00, 2.44615e-32],
         [1.31735e-34, 2.09117e-34, 1.00000e+00, 2.31851e-32],
         [2.09577e-34, 1.99979e-34, 1.00000e+00, 2.73354e-32]],
        [[8.59623e-33, 5.73052e-33, 1.00000e+00, 9.77045e-29],
         [4.65518e-33, 3.40539e-33, 1.00000e+00, 4.00856e-29],
         [2.52620e-33, 1.91749e-33, 1.00000e+00, 1.25590e-29],
         ...,
         [1.43338e-34, 1.51525e-34, 1.00000e+00, 2.75852e-32],
         [1.36166e-34, 1.61780e-34, 1.00000e+00, 2.38395e-32],
         [2.25310e-34, 1.72425e-34, 1.00000e+00, 2.96687e-32]]], device='cuda:0')

       0/9       10G         0   0.02131         0       285       640:  11%|â–ˆâ–        | 12/106 [04:38<35:59, 22.97s/it]
batch_qtargets:  tensor([[[6.31105e-33, 4.32853e-33, 1.00000e+00, 5.59599e-29],
         [3.32184e-33, 2.55488e-33, 1.00000e+00, 2.26209e-29],
         [1.63782e-33, 1.34149e-33, 1.00000e+00, 7.66590e-30],
         ...,
         [1.73152e-34, 1.72015e-34, 1.00000e+00, 3.23706e-32],
         [1.66042e-34, 1.76999e-34, 1.00000e+00, 2.71459e-32],
         [2.58603e-34, 1.88840e-34, 1.00000e+00, 3.38559e-32]],
        [[7.50555e-33, 5.33394e-33, 1.00000e+00, 8.04971e-29],
         [3.84072e-33, 2.89400e-33, 1.00000e+00, 3.11350e-29],
         [1.98017e-33, 1.56989e-33, 1.00000e+00, 9.84320e-30],
         ...,
         [1.72099e-34, 1.95872e-34, 1.00000e+00, 3.35555e-32],
         [1.84252e-34, 2.18818e-34, 1.00000e+00, 2.75902e-32],
         [2.54936e-34, 2.19997e-34, 1.00000e+00, 3.08751e-32]],
        [[6.56046e-33, 4.36914e-33, 1.00000e+00, 5.74550e-29],
         [3.40913e-33, 2.39936e-33, 1.00000e+00, 2.21915e-29],
         [1.69063e-33, 1.28272e-33, 1.00000e+00, 8.14488e-30],
         ...,
         [1.72857e-34, 1.92037e-34, 1.00000e+00, 3.43073e-32],
         [1.78061e-34, 2.03191e-34, 1.00000e+00, 2.78440e-32],
         [2.28998e-34, 2.08441e-34, 1.00000e+00, 2.92105e-32]],
        ...,
        [[8.25028e-33, 6.11502e-33, 1.00000e+00, 9.87537e-29],
         [4.59421e-33, 3.76345e-33, 1.00000e+00, 4.31686e-29],
         [2.14749e-33, 1.89677e-33, 1.00000e+00, 1.12591e-29],
         ...,
         [1.59837e-34, 1.76287e-34, 1.00000e+00, 2.65738e-32],
         [1.70073e-34, 2.07527e-34, 1.00000e+00, 2.44227e-32],
         [2.24267e-34, 1.98896e-34, 1.00000e+00, 2.91981e-32]],
        [[7.93954e-33, 5.47044e-33, 1.00000e+00, 8.20848e-29],
         [4.81146e-33, 3.48104e-33, 1.00000e+00, 3.81078e-29],
         [2.08091e-33, 1.50984e-33, 1.00000e+00, 1.03421e-29],
         ...,
         [1.96411e-34, 2.08798e-34, 1.00000e+00, 2.70368e-32],
         [1.98109e-34, 2.55700e-34, 1.00000e+00, 2.84695e-32],
         [2.28523e-34, 2.38135e-34, 1.00000e+00, 2.73956e-32]],
        [[5.80728e-33, 3.81898e-33, 1.00000e+00, 4.47706e-29],
         [3.01259e-33, 2.05215e-33, 1.00000e+00, 1.77120e-29],
         [1.52820e-33, 1.16210e-33, 1.00000e+00, 7.59881e-30],
         ...,
         [1.74319e-34, 1.85199e-34, 1.00000e+00, 3.83473e-32],
         [1.61494e-34, 2.08836e-34, 1.00000e+00, 3.64308e-32],
         [2.39841e-34, 2.23202e-34, 1.00000e+00, 3.83450e-32]]], device='cuda:0')

       0/9       10G         0   0.02104         0       339       640:  12%|â–ˆâ–        | 13/106 [05:01<35:37, 22.99s/it]
batch_qtargets:  tensor([[[7.20877e-33, 5.09434e-33, 1.00000e+00, 6.55396e-29],
         [3.76804e-33, 2.87657e-33, 1.00000e+00, 2.60699e-29],
         [1.76249e-33, 1.50221e-33, 1.00000e+00, 8.85036e-30],
         ...,
         [1.64398e-34, 1.82395e-34, 1.00000e+00, 2.94432e-32],
         [1.54579e-34, 2.03340e-34, 1.00000e+00, 2.62947e-32],
         [2.56888e-34, 2.45379e-34, 1.00000e+00, 3.75094e-32]],
        [[8.03362e-33, 5.66237e-33, 1.00000e+00, 8.38060e-29],
         [4.61079e-33, 3.48955e-33, 1.00000e+00, 3.66613e-29],
         [2.32568e-33, 1.80352e-33, 1.00000e+00, 1.16670e-29],
         ...,
         [1.72720e-34, 1.86663e-34, 1.00000e+00, 3.10376e-32],
         [1.79567e-34, 2.15150e-34, 1.00000e+00, 2.64637e-32],
         [2.55045e-34, 2.10012e-34, 1.00000e+00, 3.06068e-32]],
        [[6.18257e-33, 4.15839e-33, 1.00000e+00, 5.27366e-29],
         [3.32955e-33, 2.35942e-33, 1.00000e+00, 2.15810e-29],
         [1.47757e-33, 1.08095e-33, 1.00000e+00, 7.05698e-30],
         ...,
         [1.53761e-34, 2.06063e-34, 1.00000e+00, 2.78491e-32],
         [1.61051e-34, 2.49335e-34, 1.00000e+00, 2.73705e-32],
         [2.43782e-34, 2.27549e-34, 1.00000e+00, 3.07153e-32]],
        ...,
        [[8.09219e-33, 5.47946e-33, 1.00000e+00, 7.33203e-29],
         [4.57156e-33, 3.23283e-33, 1.00000e+00, 3.11806e-29],
         [1.88961e-33, 1.39246e-33, 1.00000e+00, 8.99797e-30],
         ...,
         [1.65647e-34, 1.68791e-34, 1.00000e+00, 3.10243e-32],
         [1.71166e-34, 1.87668e-34, 1.00000e+00, 2.63927e-32],
         [2.37409e-34, 1.91545e-34, 1.00000e+00, 3.16787e-32]],
        [[7.69386e-33, 4.68197e-33, 1.00000e+00, 6.74758e-29],
         [4.54319e-33, 2.76299e-33, 1.00000e+00, 3.09210e-29],
         [2.49997e-33, 1.43552e-33, 1.00000e+00, 1.33926e-29],
         ...,
         [2.00640e-34, 2.04472e-34, 1.00000e+00, 3.41568e-32],
         [2.00260e-34, 2.19554e-34, 1.00000e+00, 3.05676e-32],
         [2.75551e-34, 2.35360e-34, 1.00000e+00, 3.66673e-32]],
        [[8.64305e-33, 5.47344e-33, 1.00000e+00, 8.23759e-29],
         [4.90996e-33, 3.22278e-33, 1.00000e+00, 3.56790e-29],
