Overriding model.yaml nc=80 with nc=3
                 from  n    params  module                                  arguments
  0                -1  1      3520  models.common.Conv                      [3, 32, 6, 2, 2]
  1                -1  1     18560  models.common.Conv                      [32, 64, 3, 2]
  2                -1  1     18816  models.common.C3                        [64, 64, 1]
  3                -1  1     73984  models.common.Conv                      [64, 128, 3, 2]
  4                -1  2    115712  models.common.C3                        [128, 128, 2]
  5                -1  1    295424  models.common.Conv                      [128, 256, 3, 2]
  6                -1  3    625152  models.common.C3                        [256, 256, 3]
  7                -1  1   1180672  models.common.Conv                      [256, 512, 3, 2]
  8                -1  1   1182720  models.common.C3                        [512, 512, 1]
  9                -1  1    656896  models.common.SPPF                      [512, 512, 5]
 10                -1  1    131584  models.common.Conv                      [512, 256, 1, 1]
 11                -1  1         0  torch.nn.modules.upsampling.Upsample    [None, 2, 'nearest']
 12           [-1, 6]  1         0  models.common.Concat                    [1]
 13                -1  1    361984  models.common.C3                        [512, 256, 1, False]
 14                -1  1     33024  models.common.Conv                      [256, 128, 1, 1]
 15                -1  1         0  torch.nn.modules.upsampling.Upsample    [None, 2, 'nearest']
 16           [-1, 4]  1         0  models.common.Concat                    [1]
 17                -1  1     90880  models.common.C3                        [256, 128, 1, False]
 18                -1  1    147712  models.common.Conv                      [128, 128, 3, 2]
 19          [-1, 14]  1         0  models.common.Concat                    [1]
 20                -1  1    296448  models.common.C3                        [256, 256, 1, False]
 21                -1  1    590336  models.common.Conv                      [256, 256, 3, 2]
 22          [-1, 10]  1         0  models.common.Concat                    [1]
 23                -1  1   1182720  models.common.C3                        [512, 512, 1, False]
 24      [17, 20, 23]  1     21576  models.yolo.Detect                      [3, [[10, 13, 16, 30, 33, 23], [30, 61, 62, 45, 59, 119], [116, 90, 156, 198, 373, 326]], [128, 256, 512]]
C:\Users\rb01243\Anaconda3\lib\site-packages\torch\functional.py:445: UserWarning: torch.meshgrid: in an upcoming release, it will be required to pass the indexing argument. (Triggered internally at  ..\aten\src\ATen\native\TensorShape.cpp:2157.)
  return _VF.meshgrid(tensors, **kwargs)  # type: ignore[attr-defined]
Model Summary: 270 layers, 7027720 parameters, 7027720 gradients, 15.9 GFLOPs
Transferred 344/350 items from yolov5s.pt
Scaled weight_decay = 0.00046875
[34m[1moptimizer:[39m[22m SGD with parameter groups 57 weight, 60 weight (no decay), 60 bias

[34m[1mtrain: [39m[22mScanning '..\data\datasets\All_Volunteers_Crowdsourced\labels\train' images and labels...2102 found, 0 missing, 0 empty, 0 corrupted: 100%|██████████| 2102/2102 [00:05<00:00, 391.63it/s]
[34m[1mtrain: [39m[22mWARNING: Cache directory ..\data\datasets\All_Volunteers_Crowdsourced\labels is not writeable: [WinError 183] Cannot create a file when that file already exists: '..\\data\\datasets\\All_Volunteers_Crowdsourced\\labels\\train.cache.npy' -> '..\\data\\datasets\\All_Volunteers_Crowdsourced\\labels\\train.cache'
[34m[1mval: [39m[22mScanning '..\data\datasets\All_Volunteers_IID\labels\val' images and labels...860 found, 0 missing, 0 empty, 2 corrupted: 100%|██████████| 860/860 [00:04<00:00, 200.31it/s]
[34m[1mval: [39m[22mWARNING: Ignoring corrupted image and/or label ..\data\datasets\All_Volunteers_IID\images\val\Unknown-X-20191113-153036-XKNMQ7OPXKU-3.1f089314ef9273e4647b.JPG: non-normalized or out of bounds coordinate labels
[34m[1mval: [39m[22mWARNING: Ignoring corrupted image and/or label ..\data\datasets\All_Volunteers_IID\images\val\Unknown-X-20191113-153036-XKNMQ7OPXKU-3.9c62fc6bf51ff6f1eafe.JPG: non-normalized or out of bounds coordinate labels
[34m[1mval: [39m[22mWARNING: Cache directory ..\data\datasets\All_Volunteers_IID\labels is not writeable: [WinError 183] Cannot create a file when that file already exists: '..\\data\\datasets\\All_Volunteers_IID\\labels\\val.cache.npy' -> '..\\data\\datasets\\All_Volunteers_IID\\labels\\val.cache'
Plotting labels...
[34m[1mautoanchor: [39m[22mAnalyzing anchors... anchors/target = 5.23, Best Possible Recall (BPR) = 0.9990
Image sizes 640 train, 640 val
Using 8 dataloader workers
Logging results to [1mruns\train\LargeDS_cyolo7
Starting training for 10 epochs...
     Epoch   gpu_mem       box       obj       cls    labels  img_size
YOLO+BCC
  0%|          | 0/106 [00:00<?, ?it/s]
batch_pred_yolo:  tensor([[[1.35880e-02, 0.00000e+00, 1.15625e+01,  ..., 3.70361e-01, 4.02832e-01, 3.42407e-02],
         [2.31171e-02, 0.00000e+00, 1.23906e+01,  ..., 2.38281e-01, 3.03223e-01, 5.24292e-02],
         [3.31116e-02, 1.90449e-03, 1.62656e+01,  ..., 2.32666e-01, 2.21313e-01, 6.61011e-02],
         ...,
         [8.73535e-01, 9.85352e-01, 5.46000e+02,  ..., 2.50488e-01, 2.65137e-01, 3.56445e-01],
         [9.14062e-01, 9.79492e-01, 5.18000e+02,  ..., 2.27661e-01, 2.99805e-01, 3.41797e-01],
         [9.62402e-01, 9.82910e-01, 5.34000e+02,  ..., 2.42188e-01, 2.26562e-01, 2.65137e-01]],
        [[1.18179e-02, 0.00000e+00, 6.23438e+00,  ..., 3.80127e-01, 4.23828e-01, 2.90833e-02],
         [2.10419e-02, 0.00000e+00, 7.39453e+00,  ..., 2.34619e-01, 3.29834e-01, 4.48608e-02],
         [3.07159e-02, 2.44713e-03, 1.35703e+01,  ..., 2.41089e-01, 2.34741e-01, 5.74951e-02],
         ...,
         [8.70117e-01, 9.84375e-01, 6.01000e+02,  ..., 2.66357e-01, 2.56348e-01, 3.60596e-01],
         [9.11133e-01, 9.79492e-01, 5.69000e+02,  ..., 2.32666e-01, 2.98584e-01, 3.43994e-01],
         [9.61914e-01, 9.81934e-01, 5.80000e+02,  ..., 2.54395e-01, 2.17163e-01, 2.88086e-01]],
        [[1.31989e-02, 0.00000e+00, 1.02188e+01,  ..., 4.00146e-01, 4.28223e-01, 3.75366e-02],
         [2.24762e-02, 1.03772e-04, 1.09609e+01,  ..., 2.57324e-01, 3.23730e-01, 5.89905e-02],
         [3.23792e-02, 2.33841e-03, 1.59219e+01,  ..., 2.53662e-01, 2.37427e-01, 7.15942e-02],
         ...,
         [8.66211e-01, 9.85840e-01, 7.06000e+02,  ..., 2.30713e-01, 2.81494e-01, 3.33740e-01],
         [9.08691e-01, 9.83398e-01, 6.85500e+02,  ..., 2.25952e-01, 3.10547e-01, 3.18359e-01],
         [9.59961e-01, 9.84375e-01, 6.74500e+02,  ..., 2.37061e-01, 2.32788e-01, 2.57080e-01]],
        ...,
        [[1.27335e-02, 0.00000e+00, 1.07188e+01,  ..., 3.88184e-01, 4.03809e-01, 3.01056e-02],
         [2.19116e-02, 0.00000e+00, 1.15625e+01,  ..., 2.52197e-01, 3.11035e-01, 4.55933e-02],
         [3.19214e-02, 1.98364e-03, 1.58984e+01,  ..., 2.45239e-01, 2.37793e-01, 5.80139e-02],
         ...,
         [8.64746e-01, 9.85840e-01, 6.36000e+02,  ..., 2.66357e-01, 2.75635e-01, 3.22998e-01],
         [9.07715e-01, 9.83398e-01, 6.39500e+02,  ..., 2.56104e-01, 3.03955e-01, 3.06152e-01],
         [9.59961e-01, 9.84375e-01, 6.64500e+02,  ..., 2.64648e-01, 2.21802e-01, 2.50977e-01]],
        [[1.36490e-02, 0.00000e+00, 1.53828e+01,  ..., 4.26758e-01, 4.33105e-01, 2.25372e-02],
         [2.29187e-02, 0.00000e+00, 1.60469e+01,  ..., 2.91016e-01, 3.30322e-01, 3.32642e-02],
         [3.33557e-02, 1.92833e-03, 1.90469e+01,  ..., 2.68799e-01, 2.45605e-01, 4.22363e-02],
         ...,
         [8.67188e-01, 9.85352e-01, 6.44500e+02,  ..., 2.51465e-01, 2.79785e-01, 3.14941e-01],
         [9.11621e-01, 9.83398e-01, 6.37000e+02,  ..., 2.39746e-01, 3.03223e-01, 2.99805e-01],
         [9.63379e-01, 9.83398e-01, 6.45500e+02,  ..., 2.58301e-01, 2.16675e-01, 2.42065e-01]],
        [[1.21231e-02, 0.00000e+00, 9.09375e+00,  ..., 4.02344e-01, 3.65479e-01, 4.03748e-02],
         [2.12097e-02, 2.44379e-05, 9.68750e+00,  ..., 2.64404e-01, 2.81006e-01, 6.14319e-02],
         [3.12042e-02, 2.23923e-03, 1.45938e+01,  ..., 2.62451e-01, 2.05933e-01, 7.18384e-02],
         ...,
         [8.66211e-01, 9.85352e-01, 6.16000e+02,  ..., 2.88086e-01, 2.40234e-01, 3.15674e-01],
         [9.09180e-01, 9.81445e-01, 5.99500e+02,  ..., 2.73682e-01, 2.60986e-01, 3.02734e-01],
         [9.59473e-01, 9.82910e-01, 6.08500e+02,  ..., 2.82959e-01, 1.91650e-01, 2.42920e-01]]], device='cuda:0', dtype=torch.float16, grad_fn=<CopySlices>)
batch_pred_yolo size:  torch.Size([20, 25200, 8])
640
batch_pred_bcc:  tensor([[[-8.46750e+00, -8.38346e+00, -1.08486e+01, -4.88401e-04],
         [-8.36691e+00, -8.12589e+00, -9.88089e+00, -4.88401e-04],
         [-7.91856e+00, -7.96859e+00, -9.17698e+00, -9.77040e-04],
         ...,
         [-5.04957e+00, -4.99273e+00, -4.69680e+00, -2.27170e-02],
         [-4.89966e+00, -4.62439e+00, -4.49330e+00, -2.87291e-02],
         [-4.65361e+00, -4.72030e+00, -4.56307e+00, -2.92317e-02]],
        [[-8.17594e+00, -8.06712e+00, -1.07463e+01, -4.88401e-04],
         [-8.14655e+00, -7.80592e+00, -9.80095e+00, -9.77040e-04],
         [-7.51804e+00, -7.54472e+00, -8.95151e+00, -9.77040e-04],
         ...,
         [-4.88612e+00, -4.92443e+00, -4.58320e+00, -2.52177e-02],
         [-4.76747e+00, -4.51802e+00, -4.37645e+00, -3.27573e-02],
         [-4.52893e+00, -4.68716e+00, -4.40455e+00, -3.27573e-02]],
        [[-8.27272e+00, -8.20491e+00, -1.06392e+01, -4.88401e-04],
         [-8.22021e+00, -7.99064e+00, -9.69317e+00, -4.88401e-04],
         [-7.77825e+00, -7.84439e+00, -9.04323e+00, -9.77040e-04],
         ...,
         [-4.88966e+00, -4.69072e+00, -4.52047e+00, -2.77245e-02],
         [-4.81111e+00, -4.49309e+00, -4.46825e+00, -3.12448e-02],
         [-4.60498e+00, -4.62316e+00, -4.52391e+00, -3.12448e-02]],
        ...,
        [[-8.57129e+00, -8.53182e+00, -1.11281e+01, -4.88401e-04],
         [-8.47517e+00, -8.26547e+00, -1.01856e+01, -4.88401e-04],
         [-7.85851e+00, -7.88934e+00, -9.30006e+00, -9.77040e-04],
         ...,
         [-4.57932e+00, -4.54508e+00, -4.38651e+00, -3.37669e-02],
         [-4.60454e+00, -4.43324e+00, -4.42604e+00, -3.42720e-02],
         [-4.48855e+00, -4.66517e+00, -4.54159e+00, -3.17487e-02]],
        [[-8.23066e+00, -8.21590e+00, -1.11717e+01, -4.88401e-04],
         [-8.10411e+00, -7.97742e+00, -1.02730e+01, -4.88401e-04],
         [-7.67816e+00, -7.76839e+00, -9.52884e+00, -9.77040e-04],
         ...,
         [-4.81550e+00, -4.70879e+00, -4.59042e+00, -2.77245e-02],
         [-4.75460e+00, -4.51972e+00, -4.53105e+00, -3.07411e-02],
         [-4.51497e+00, -4.69070e+00, -4.57989e+00, -3.07411e-02]],
        [[-8.37784e+00, -8.47394e+00, -1.06769e+01, -4.88401e-04],
         [-8.30770e+00, -8.24680e+00, -9.76725e+00, -4.88401e-04],
         [-7.88659e+00, -8.12911e+00, -9.18224e+00, -9.77040e-04],
         ...,
         [-4.81024e+00, -4.99188e+00, -4.71879e+00, -2.42167e-02],
         [-4.66701e+00, -4.71451e+00, -4.56612e+00, -2.92317e-02],
         [-4.45249e+00, -4.84212e+00, -4.60506e+00, -2.97346e-02]]], device='cuda:0', grad_fn=<LogBackward0>)
batch_qtargets:  tensor([[[2.38680e-33, 2.59607e-33, 1.00000e+00, 1.13502e-29],
         [1.00289e-33, 1.27616e-33, 1.00000e+00, 4.31253e-30],
         [7.76678e-34, 7.38808e-34, 1.00000e+00, 2.13212e-30],
         ...,
         [1.55061e-34, 1.64128e-34, 1.00000e+00, 2.36395e-32],
         [1.46970e-34, 1.93543e-34, 1.00000e+00, 1.91719e-32],
         [2.01548e-34, 1.88553e-34, 1.00000e+00, 2.05459e-32]],
        [[2.88413e-33, 3.21571e-33, 1.00000e+00, 1.02466e-29],
         [1.15404e-33, 1.62240e-33, 1.00000e+00, 3.97920e-30],
         [9.25260e-34, 9.00908e-34, 1.00000e+00, 1.70175e-30],
         ...,
         [1.62980e-34, 1.56851e-34, 1.00000e+00, 2.10473e-32],
         [1.49239e-34, 1.91522e-34, 1.00000e+00, 1.69885e-32],
         [1.94847e-34, 1.66336e-34, 1.00000e+00, 1.74733e-32]],
        [[2.35237e-33, 2.51742e-33, 1.00000e+00, 9.20629e-30],
         [9.62530e-34, 1.21090e-33, 1.00000e+00, 3.57434e-30],
         [7.81815e-34, 7.31762e-34, 1.00000e+00, 1.86524e-30],
         ...,
         [1.52536e-34, 1.86106e-34, 1.00000e+00, 1.97190e-32],
         [1.56602e-34, 2.15229e-34, 1.00000e+00, 1.86491e-32],
         [2.03464e-34, 1.99796e-34, 1.00000e+00, 1.97166e-32]],
        ...,
        [[2.84531e-33, 2.95992e-33, 1.00000e+00, 1.50100e-29],
         [1.22062e-33, 1.50533e-33, 1.00000e+00, 5.84902e-30],
         [9.32802e-34, 9.04489e-34, 1.00000e+00, 2.41144e-30],
         ...,
         [1.81961e-34, 1.88300e-34, 1.00000e+00, 1.71427e-32],
         [1.84579e-34, 2.19072e-34, 1.00000e+00, 1.78255e-32],
         [2.32675e-34, 1.95001e-34, 1.00000e+00, 2.00589e-32]],
        [[4.17849e-33, 4.24066e-33, 1.00000e+00, 1.56796e-29],
         [1.93053e-33, 2.19132e-33, 1.00000e+00, 6.38324e-30],
         [1.40432e-33, 1.28319e-33, 1.00000e+00, 3.03128e-30],
         ...,
         [1.76180e-34, 1.96016e-34, 1.00000e+00, 2.11477e-32],
         [1.76449e-34, 2.23161e-34, 1.00000e+00, 1.98689e-32],
         [2.35447e-34, 1.97505e-34, 1.00000e+00, 2.08631e-32]],
        [[2.19895e-33, 1.99753e-33, 1.00000e+00, 9.56018e-30],
         [9.49749e-34, 1.00934e-33, 1.00000e+00, 3.84925e-30],
         [8.06140e-34, 6.32554e-34, 1.00000e+00, 2.14334e-30],
         ...,
         [2.01363e-34, 1.67917e-34, 1.00000e+00, 2.41293e-32],
         [1.99480e-34, 1.90229e-34, 1.00000e+00, 2.06087e-32],
         [2.57030e-34, 1.74085e-34, 1.00000e+00, 2.14166e-32]]], device='cuda:0')
batch_qtargets_yolo:  tensor([[ 0.00000e+00,  2.00000e+00,  6.24847e-03,  6.24847e-03, -1.00000e+00, -1.00000e+00],
        [ 0.00000e+00,  2.00000e+00,  1.87531e-02,  6.24847e-03, -1.00000e+00, -1.00000e+00],
        [ 0.00000e+00,  2.00000e+00,  3.12500e-02,  6.24847e-03, -1.00000e+00, -1.00000e+00],
        ...,
        [ 1.90000e+01,  2.00000e+00,  8.75000e-01,  9.75098e-01, -1.00000e+00, -1.00000e+00],
        [ 1.90000e+01,  2.00000e+00,  9.24805e-01,  9.75098e-01, -1.00000e+00, -1.00000e+00],
        [ 1.90000e+01,  2.00000e+00,  9.75098e-01,  9.75098e-01, -1.00000e+00, -1.00000e+00]], device='cuda:0')


       0/9     7.45G         0    0.0239         0       257       640:   1%|          | 1/106 [00:26<46:20, 26.48s/it]
batch_pred_yolo:  tensor([[[1.12457e-02, 0.00000e+00, 1.15391e+01,  ..., 4.72168e-01, 3.33496e-01, 2.45667e-02],
         [2.03857e-02, 0.00000e+00, 1.27891e+01,  ..., 3.35938e-01, 2.63428e-01, 3.62244e-02],
         [3.10516e-02, 1.63555e-03, 1.66094e+01,  ..., 2.97363e-01, 2.12402e-01, 4.53491e-02],
         ...,
         [8.69629e-01, 9.85352e-01, 5.88500e+02,  ..., 2.46582e-01, 2.60254e-01, 3.47900e-01],
         [9.11621e-01, 9.82910e-01, 6.00000e+02,  ..., 2.43652e-01, 2.96143e-01, 3.34717e-01],
         [9.62402e-01, 9.82910e-01, 6.17000e+02,  ..., 2.75635e-01, 2.23022e-01, 2.60498e-01]],
        [[1.11847e-02, 0.00000e+00, 9.89062e+00,  ..., 4.24805e-01, 3.55225e-01, 2.40936e-02],
         [2.05536e-02, 0.00000e+00, 1.09766e+01,  ..., 2.87109e-01, 2.94678e-01, 3.55530e-02],
         [3.07312e-02, 9.58443e-04, 1.52578e+01,  ..., 2.57812e-01, 2.30103e-01, 3.89099e-02],
         ...,
         [8.68164e-01, 9.84375e-01, 5.64000e+02,  ..., 2.46582e-01, 2.81006e-01, 3.82324e-01],
         [9.11133e-01, 9.81445e-01, 5.45000e+02,  ..., 2.45972e-01, 3.12988e-01, 3.73291e-01],
         [9.61914e-01, 9.81934e-01, 5.89000e+02,  ..., 2.68311e-01, 2.26562e-01, 2.86865e-01]],
        [[1.26801e-02, 0.00000e+00, 1.35078e+01,  ..., 3.85254e-01, 4.07959e-01, 2.43378e-02],
         [2.24152e-02, 2.74658e-04, 1.47344e+01,  ..., 2.46948e-01, 3.32764e-01, 3.51562e-02],
         [3.27148e-02, 2.34985e-03, 1.85781e+01,  ..., 2.46948e-01, 2.73682e-01, 4.31213e-02],
         ...,
         [8.69629e-01, 9.84375e-01, 6.40500e+02,  ..., 2.70020e-01, 2.65381e-01, 3.18359e-01],
         [9.11133e-01, 9.80469e-01, 6.31000e+02,  ..., 2.34741e-01, 3.04932e-01, 3.03467e-01],
         [9.61914e-01, 9.81934e-01, 6.77500e+02,  ..., 2.90283e-01, 2.26074e-01, 2.31445e-01]],
        ...,
        [[1.27563e-02, 0.00000e+00, 1.37812e+01,  ..., 3.81104e-01, 4.47510e-01, 2.78015e-02],
         [2.23541e-02, 2.01464e-04, 1.47578e+01,  ..., 2.47314e-01, 3.59619e-01, 3.93372e-02],
         [3.24097e-02, 2.26402e-03, 1.89062e+01,  ..., 2.21680e-01, 2.75635e-01, 5.10864e-02],
         ...,
         [8.71094e-01, 9.85840e-01, 5.93000e+02,  ..., 2.47070e-01, 2.51221e-01, 3.37891e-01],
         [9.11621e-01, 9.84375e-01, 6.22500e+02,  ..., 2.33521e-01, 2.88086e-01, 3.12744e-01],
         [9.62402e-01, 9.84375e-01, 6.65500e+02,  ..., 2.75391e-01, 2.09839e-01, 2.42798e-01]],
        [[1.17645e-02, 0.00000e+00, 1.32109e+01,  ..., 5.06348e-01, 4.21875e-01, 2.48871e-02],
         [2.02942e-02, 1.18446e-03, 1.43359e+01,  ..., 3.56689e-01, 3.06396e-01, 3.77502e-02],
         [3.10516e-02, 2.77138e-03, 1.82656e+01,  ..., 3.15430e-01, 2.39868e-01, 4.90417e-02],
         ...,
         [8.68164e-01, 9.84375e-01, 6.61000e+02,  ..., 2.73193e-01, 3.32764e-01, 3.04199e-01],
         [9.07715e-01, 9.80469e-01, 6.59000e+02,  ..., 2.55371e-01, 3.69141e-01, 2.73193e-01],
         [9.59961e-01, 9.81445e-01, 6.93000e+02,  ..., 2.58789e-01, 2.73926e-01, 2.30103e-01]],
        [[1.05362e-02, 0.00000e+00, 7.22656e+00,  ..., 3.86719e-01, 3.35205e-01, 3.84521e-02],
         [2.00195e-02, 0.00000e+00, 8.19531e+00,  ..., 2.48657e-01, 2.65381e-01, 5.49011e-02],
         [3.01056e-02, 1.55067e-03, 1.08203e+01,  ..., 2.64404e-01, 2.04956e-01, 5.41077e-02],
         ...,
         [8.66211e-01, 9.84375e-01, 7.12000e+02,  ..., 2.66357e-01, 2.49390e-01, 3.22266e-01],
         [9.09180e-01, 9.82910e-01, 6.71500e+02,  ..., 2.59521e-01, 2.59277e-01, 3.24707e-01],
         [9.59473e-01, 9.81934e-01, 6.81500e+02,  ..., 2.91748e-01, 1.87134e-01, 2.41455e-01]]], device='cuda:0', dtype=torch.float16, grad_fn=<CopySlices>)
batch_pred_yolo size:  torch.Size([20, 25200, 8])
640
batch_pred_bcc:  tensor([[[-9.02576e+00, -9.37347e+00, -1.19817e+01,  0.00000e+00],
         [-8.80180e+00, -9.04495e+00, -1.10290e+01, -4.88401e-04],
         [-8.33178e+00, -8.66825e+00, -1.02123e+01, -4.88401e-04],
         ...,
         [-4.99327e+00, -4.93930e+00, -4.64904e+00, -2.37165e-02],
         [-4.86830e+00, -4.67320e+00, -4.55076e+00, -2.77245e-02],
         [-4.62475e+00, -4.83655e+00, -4.68123e+00, -2.72227e-02]],
        [[-8.77912e+00, -8.95800e+00, -1.16488e+01, -4.88401e-04],
         [-8.65660e+00, -8.63058e+00, -1.07454e+01, -4.88401e-04],
         [-8.07479e+00, -8.18850e+00, -9.96577e+00, -4.88401e-04],
         ...,
         [-4.95117e+00, -4.82049e+00, -4.51260e+00, -2.62197e-02],
         [-4.82635e+00, -4.58540e+00, -4.40921e+00, -3.07411e-02],
         [-4.56888e+00, -4.73800e+00, -4.50201e+00, -3.07411e-02]],
        [[-9.04130e+00, -8.98404e+00, -1.18032e+01, -4.88401e-04],
         [-8.93599e+00, -8.63773e+00, -1.08854e+01, -4.88401e-04],
         [-8.36492e+00, -8.26213e+00, -1.01101e+01, -4.88401e-04],
         ...,
         [-4.89035e+00, -4.90768e+00, -4.72567e+00, -2.42167e-02],
         [-4.81992e+00, -4.55832e+00, -4.56313e+00, -2.92317e-02],
         [-4.55171e+00, -4.80170e+00, -4.77822e+00, -2.77245e-02]],
        ...,
        [[-8.81756e+00, -8.65693e+00, -1.14355e+01, -4.88401e-04],
         [-8.74242e+00, -8.36804e+00, -1.05809e+01, -4.88401e-04],
         [-8.20345e+00, -7.98561e+00, -9.67117e+00, -4.88401e-04],
         ...,
         [-4.88775e+00, -4.87109e+00, -4.57470e+00, -2.57185e-02],
         [-4.78969e+00, -4.57970e+00, -4.49758e+00, -3.02377e-02],
         [-4.53041e+00, -4.80227e+00, -4.65638e+00, -2.87291e-02]],
        [[-8.48848e+00, -8.67100e+00, -1.15014e+01, -4.88401e-04],
         [-8.30886e+00, -8.46084e+00, -1.05547e+01, -4.88401e-04],
         [-8.09641e+00, -8.37026e+00, -9.95768e+00, -4.88401e-04],
         ...,
         [-4.71054e+00, -4.51329e+00, -4.60304e+00, -3.02377e-02],
         [-4.63146e+00, -4.26300e+00, -4.56400e+00, -3.47775e-02],
         [-4.39903e+00, -4.34218e+00, -4.51652e+00, -3.68018e-02]],
        [[-8.57484e+00, -8.71779e+00, -1.08831e+01, -4.88401e-04],
         [-8.47254e+00, -8.40745e+00, -9.98308e+00, -4.88401e-04],
         [-8.04691e+00, -8.30159e+00, -9.63341e+00, -4.88401e-04],
         ...,
         [-5.00526e+00, -5.07108e+00, -4.81472e+00, -2.12196e-02],
         [-4.90074e+00, -4.90168e+00, -4.67666e+00, -2.47170e-02],
         [-4.61768e+00, -5.06174e+00, -4.80688e+00, -2.47170e-02]]], device='cuda:0', grad_fn=<LogBackward0>)
batch_qtargets:  tensor([[[4.24144e-33, 2.99572e-33, 1.00000e+00, 3.52655e-29],
         [2.04640e-33, 1.60467e-33, 1.00000e+00, 1.35944e-29],
         [1.44696e-33, 1.03353e-33, 1.00000e+00, 6.00749e-30],
         ...,
         [1.56382e-34, 1.65062e-34, 1.00000e+00, 2.25144e-32],
         [1.60619e-34, 1.95216e-34, 1.00000e+00, 2.03251e-32],
         [2.33472e-34, 1.88910e-34, 1.00000e+00, 2.31696e-32]],
        [[3.89074e-33, 3.25341e-33, 1.00000e+00, 2.52662e-29],
         [1.78196e-33, 1.82901e-33, 1.00000e+00, 1.02378e-29],
         [1.46214e-33, 1.30499e-33, 1.00000e+00, 4.69466e-30],
         ...,
         [1.42310e-34, 1.62176e-34, 1.00000e+00, 1.95943e-32],
         [1.45391e-34, 1.85007e-34, 1.00000e+00, 1.75899e-32],
         [2.06378e-34, 1.74266e-34, 1.00000e+00, 1.92999e-32]],
        [[3.49317e-33, 3.69900e-33, 1.00000e+00, 2.94852e-29],
         [1.55009e-33, 2.08867e-33, 1.00000e+00, 1.17757e-29],
         [1.26368e-33, 1.40047e-33, 1.00000e+00, 5.42334e-30],
         ...,
         [1.87154e-34, 1.83938e-34, 1.00000e+00, 2.42963e-32],
         [1.70686e-34, 2.21722e-34, 1.00000e+00, 2.05472e-32],
         [2.76747e-34, 2.15531e-34, 1.00000e+00, 2.55168e-32]],
        ...,
        [[3.02494e-33, 3.55208e-33, 1.00000e+00, 2.04138e-29],
         [1.38737e-33, 2.01738e-33, 1.00000e+00, 8.68501e-30],
         [9.57549e-34, 1.19060e-33, 1.00000e+00, 3.49666e-30],
         ...,
         [1.61337e-34, 1.64047e-34, 1.00000e+00, 2.08593e-32],
         [1.64760e-34, 2.03253e-34, 1.00000e+00, 1.92247e-32],
         [2.50265e-34, 1.90694e-34, 1.00000e+00, 2.25666e-32]],
        [[4.48971e-33, 3.74055e-33, 1.00000e+00, 2.18021e-29],
         [2.08511e-33, 1.79112e-33, 1.00000e+00, 8.46055e-30],
         [1.41932e-33, 1.07936e-33, 1.00000e+00, 4.65699e-30],
         ...,
         [1.98169e-34, 2.41369e-34, 1.00000e+00, 2.13631e-32],
         [2.06252e-34, 2.98141e-34, 1.00000e+00, 2.04508e-32],
         [2.48150e-34, 2.62676e-34, 1.00000e+00, 1.94632e-32]],
        [[2.21931e-33, 1.92371e-33, 1.00000e+00, 1.17492e-29],
         [9.99468e-34, 1.06666e-33, 1.00000e+00, 4.77674e-30],
         [1.07825e-33, 8.35852e-34, 1.00000e+00, 3.36702e-30],
         ...,
         [1.82373e-34, 1.70759e-34, 1.00000e+00, 2.66387e-32],
         [1.76352e-34, 1.76191e-34, 1.00000e+00, 2.31215e-32],

       0/9     9.98G         0   0.02373         0       273       640:   2%|▏         | 2/106 [00:50<42:55, 24.76s/it]
batch_qtargets_yolo:  tensor([[ 0.00000e+00,  2.00000e+00,  6.24847e-03,  6.24847e-03, -1.00000e+00, -1.00000e+00],
        [ 0.00000e+00,  2.00000e+00,  1.87531e-02,  6.24847e-03, -1.00000e+00, -1.00000e+00],
        [ 0.00000e+00,  2.00000e+00,  3.12500e-02,  6.24847e-03, -1.00000e+00, -1.00000e+00],
        ...,
        [ 1.90000e+01,  2.00000e+00,  8.75000e-01,  9.75098e-01, -1.00000e+00, -1.00000e+00],
        [ 1.90000e+01,  2.00000e+00,  9.24805e-01,  9.75098e-01, -1.00000e+00, -1.00000e+00],
        [ 1.90000e+01,  2.00000e+00,  9.75098e-01,  9.75098e-01, -1.00000e+00, -1.00000e+00]], device='cuda:0')
batch_qtargets_yolo:  tensor([], device='cuda:0', size=(0, 6))
batch_pred_yolo:  tensor([[[1.51215e-02, 0.00000e+00, 1.70156e+01,  ..., 4.85352e-01, 3.27148e-01, 2.57568e-02],
         [2.51465e-02, 0.00000e+00, 1.58203e+01,  ..., 3.75244e-01, 2.74170e-01, 3.35388e-02],
         [3.65295e-02, 1.80054e-03, 2.20625e+01,  ..., 2.39868e-01, 2.13501e-01, 4.41895e-02],
         ...,
         [8.71094e-01, 9.79492e-01, 4.77000e+02,  ..., 3.17871e-01, 2.59766e-01, 1.63452e-01],
         [9.02344e-01, 9.78027e-01, 4.53500e+02,  ..., 3.84521e-01, 3.09082e-01, 1.99951e-01],
         [9.59961e-01, 9.85840e-01, 6.91000e+02,  ..., 3.36914e-01, 2.29370e-01, 2.52930e-01]],
        [[1.22681e-02, 0.00000e+00, 1.05938e+01,  ..., 4.25293e-01, 4.07471e-01, 2.85492e-02],
         [2.18353e-02, 0.00000e+00, 1.15781e+01,  ..., 2.84180e-01, 3.11523e-01, 4.12292e-02],
         [3.20740e-02, 1.66035e-03, 1.48281e+01,  ..., 2.71240e-01, 2.36572e-01, 4.56848e-02],
         ...,
         [8.71094e-01, 9.82910e-01, 5.94500e+02,  ..., 2.70752e-01, 2.58301e-01, 3.08594e-01],
         [9.17969e-01, 9.82910e-01, 5.54000e+02,  ..., 2.53662e-01, 2.75146e-01, 3.17627e-01],
         [9.66309e-01, 9.84375e-01, 5.83000e+02,  ..., 2.82471e-01, 2.07520e-01, 2.56104e-01]],
        [[1.14517e-02, 0.00000e+00, 1.26094e+01,  ..., 4.28711e-01, 4.24561e-01, 2.44751e-02],
         [2.09045e-02, 1.22070e-04, 1.40312e+01,  ..., 2.79053e-01, 3.42773e-01, 3.56750e-02],
         [3.10364e-02, 1.97220e-03, 1.75625e+01,  ..., 2.58789e-01, 2.50244e-01, 4.38538e-02],
         ...,
         [8.72070e-01, 9.86816e-01, 6.11500e+02,  ..., 2.84668e-01, 2.53418e-01, 3.26172e-01],
         [9.16504e-01, 9.83398e-01, 5.83500e+02,  ..., 2.60742e-01, 2.73926e-01, 3.08350e-01],
         [9.64844e-01, 9.85352e-01, 5.71000e+02,  ..., 2.76123e-01, 1.98364e-01, 2.36206e-01]],
        ...,
        [[1.07422e-02, 0.00000e+00, 8.73438e+00,  ..., 5.00977e-01, 3.50342e-01, 2.89764e-02],
         [1.98059e-02, 0.00000e+00, 9.78906e+00,  ..., 3.67676e-01, 2.71729e-01, 3.94897e-02],
         [3.01208e-02, 1.45912e-03, 1.43828e+01,  ..., 3.21045e-01, 2.21558e-01, 4.48608e-02],
         ...,
         [8.68164e-01, 9.75098e-01, 6.67500e+02,  ..., 2.37793e-01, 3.40820e-01, 3.12012e-01],
         [9.10156e-01, 9.74121e-01, 6.25500e+02,  ..., 2.23999e-01, 3.53516e-01, 3.33496e-01],
         [9.62402e-01, 9.78027e-01, 6.84500e+02,  ..., 2.69531e-01, 2.58545e-01, 2.69775e-01]],
        [[1.14288e-02, 0.00000e+00, 8.33594e+00,  ..., 3.82568e-01, 3.54492e-01, 3.12042e-02],
         [2.10266e-02, 0.00000e+00, 8.98438e+00,  ..., 2.47314e-01, 2.86377e-01, 4.33655e-02],
         [3.06091e-02, 1.23310e-03, 1.15391e+01,  ..., 2.62451e-01, 2.09961e-01, 4.39453e-02],
         ...,
         [8.64746e-01, 9.84375e-01, 6.31000e+02,  ..., 2.62939e-01, 2.87598e-01, 3.47168e-01],
         [9.09180e-01, 9.81934e-01, 5.97500e+02,  ..., 2.57568e-01, 2.94678e-01, 3.54980e-01],
         [9.60938e-01, 9.81445e-01, 6.28500e+02,  ..., 2.79785e-01, 2.15820e-01, 2.72217e-01]],
        [[1.17188e-02, 0.00000e+00, 1.03125e+01,  ..., 4.09912e-01, 3.70361e-01, 2.50854e-02],
         [2.11792e-02, 0.00000e+00, 1.10859e+01,  ..., 2.77100e-01, 2.99805e-01, 3.48206e-02],
         [3.11584e-02, 1.34277e-03, 1.52344e+01,  ..., 2.62207e-01, 2.23389e-01, 3.66211e-02],
         ...,
         [8.64258e-01, 9.75586e-01, 6.94000e+02,  ..., 2.36694e-01, 3.08594e-01, 3.33008e-01],
         [9.06250e-01, 9.74121e-01, 6.52000e+02,  ..., 2.18140e-01, 3.36426e-01, 3.46924e-01],
         [9.57031e-01, 9.79004e-01, 7.00000e+02,  ..., 2.70264e-01, 2.41821e-01, 2.60742e-01]]], device='cuda:0', dtype=torch.float16, grad_fn=<CopySlices>)
batch_pred_yolo size:  torch.Size([20, 25200, 8])
640
batch_pred_bcc:  tensor([[[-8.43750e+00, -8.83195e+00, -1.13737e+01, -4.88401e-04],
         [-8.25572e+00, -8.56955e+00, -1.06706e+01, -4.88401e-04],
         [-8.05443e+00, -8.17088e+00, -9.74603e+00, -4.88401e-04],
         ...,
         [-5.31144e+00, -5.51330e+00, -5.97656e+00, -1.17880e-02],
         [-4.73688e+00, -4.95527e+00, -5.39080e+00, -2.07210e-02],
         [-4.33683e+00, -4.72132e+00, -4.62354e+00, -3.22529e-02]],
        [[-8.47958e+00, -8.52239e+00, -1.11807e+01, -4.88401e-04],
         [-8.34654e+00, -8.25467e+00, -1.02770e+01, -4.88401e-04],
         [-8.06966e+00, -8.20642e+00, -9.85090e+00, -4.88401e-04],
         ...,
         [-4.99063e+00, -5.03771e+00, -4.85981e+00, -2.12196e-02],
         [-4.92516e+00, -4.84385e+00, -4.70028e+00, -2.47170e-02],
         [-4.66040e+00, -4.96875e+00, -4.75839e+00, -2.52177e-02]],
        [[-8.63869e+00, -8.64842e+00, -1.15018e+01, -4.88401e-04],
         [-8.52916e+00, -8.32349e+00, -1.05861e+01, -4.88401e-04],
         [-8.05682e+00, -8.09039e+00, -9.83197e+00, -4.88401e-04],
         ...,
         [-4.67042e+00, -4.78671e+00, -4.53432e+00, -2.87291e-02],
         [-4.63529e+00, -4.58597e+00, -4.46759e+00, -3.17487e-02],
         [-4.47515e+00, -4.80589e+00, -4.63129e+00, -2.97346e-02]],
        ...,
        [[-8.87659e+00, -9.23424e+00, -1.17267e+01, -4.88401e-04],
         [-8.65242e+00, -8.95482e+00, -1.08836e+01, -4.88401e-04],
         [-8.22204e+00, -8.59294e+00, -1.01901e+01, -4.88401e-04],
         ...,
         [-5.06165e+00, -4.70169e+00, -4.79001e+00, -2.42167e-02],
         [-5.03508e+00, -4.57880e+00, -4.63709e+00, -2.67210e-02],
         [-4.80915e+00, -4.85076e+00, -4.80824e+00, -2.42167e-02]],
        [[-8.36934e+00, -8.44556e+00, -1.08757e+01, -4.88401e-04],
         [-8.27728e+00, -8.13064e+00, -1.00183e+01, -4.88401e-04],
         [-7.84141e+00, -8.06455e+00, -9.62853e+00, -9.77040e-04],
         ...,
         [-5.03551e+00, -4.94587e+00, -4.75763e+00, -2.22176e-02],
         [-4.94275e+00, -4.80815e+00, -4.62197e+00, -2.52177e-02],
         [-4.69500e+00, -4.95458e+00, -4.72243e+00, -2.52177e-02]],
        [[-8.58180e+00, -8.68327e+00, -1.13755e+01, -4.88401e-04],
         [-8.44878e+00, -8.37002e+00, -1.05229e+01, -4.88401e-04],
         [-8.05286e+00, -8.21308e+00, -1.00214e+01, -4.88401e-04],
         ...,
         [-5.15734e+00, -4.89209e+00, -4.81595e+00, -2.17185e-02],
         [-5.02828e+00, -4.59503e+00, -4.56431e+00, -2.72227e-02],
         [-4.73612e+00, -4.84732e+00, -4.77199e+00, -2.52177e-02]]], device='cuda:0', grad_fn=<LogBackward0>)
batch_qtargets:  tensor([[[4.15813e-33, 2.80274e-33, 1.00000e+00, 1.91887e-29],
         [2.46888e-33, 1.80385e-33, 1.00000e+00, 9.49969e-30],
         [1.19774e-33, 1.06607e-33, 1.00000e+00, 3.76835e-30],
         ...,
         [4.29106e-34, 3.50675e-34, 1.00000e+00, 8.59384e-32],
         [4.24340e-34, 3.41091e-34, 1.00000e+00, 4.74163e-32],
         [2.93913e-34, 2.00089e-34, 1.00000e+00, 2.17605e-32]],
        [[3.28735e-33, 3.14947e-33, 1.00000e+00, 1.58218e-29],
         [1.52094e-33, 1.66727e-33, 1.00000e+00, 6.40861e-30],
         [1.31017e-33, 1.14268e-33, 1.00000e+00, 4.18521e-30],
         ...,
         [1.93602e-34, 1.84691e-34, 1.00000e+00, 2.78678e-32],
         [1.76212e-34, 1.91136e-34, 1.00000e+00, 2.36742e-32],
         [2.43366e-34, 1.78791e-34, 1.00000e+00, 2.50783e-32]],
        [[3.86541e-33, 3.82785e-33, 1.00000e+00, 2.18128e-29],
         [1.72608e-33, 2.12027e-33, 1.00000e+00, 8.73018e-30],
         [1.30212e-33, 1.25914e-33, 1.00000e+00, 4.10652e-30],
         ...,
         [1.92577e-34, 1.71438e-34, 1.00000e+00, 1.99746e-32],
         [1.86583e-34, 1.96016e-34, 1.00000e+00, 1.86275e-32],
         [2.57925e-34, 1.85290e-34, 1.00000e+00, 2.19848e-32]],
        ...,
        [[3.81525e-33, 2.66803e-33, 1.00000e+00, 2.73127e-29],
         [2.05453e-33, 1.51834e-33, 1.00000e+00, 1.17542e-29],
         [1.57921e-33, 1.08982e-33, 1.00000e+00, 5.87514e-30],
         ...,
         [1.68163e-34, 2.41030e-34, 1.00000e+00, 2.59107e-32],
         [1.48195e-34, 2.33885e-34, 1.00000e+00, 2.21788e-32],
         [2.20454e-34, 2.11466e-34, 1.00000e+00, 2.63879e-32]],
        [[2.70542e-33, 2.50684e-33, 1.00000e+00, 1.16620e-29],
         [1.25844e-33, 1.45724e-33, 1.00000e+00, 4.94766e-30],
         [1.31779e-33, 1.05423e-33, 1.00000e+00, 3.34898e-30],
         ...,
         [1.67110e-34, 1.82785e-34, 1.00000e+00, 2.51335e-32],
         [1.60101e-34, 1.83165e-34, 1.00000e+00, 2.18803e-32],
         [2.26786e-34, 1.74937e-34, 1.00000e+00, 2.41927e-32]],
        [[3.60582e-33, 3.25779e-33, 1.00000e+00, 1.92227e-29],
         [1.75605e-33, 1.90002e-33, 1.00000e+00, 8.19574e-30],
         [1.57998e-33, 1.34608e-33, 1.00000e+00, 4.96309e-30],
         ...,
         [1.56832e-34, 2.04472e-34, 1.00000e+00, 2.66566e-32],
         [1.38742e-34, 2.13971e-34, 1.00000e+00, 2.06125e-32],
         [2.28705e-34, 2.04647e-34, 1.00000e+00, 2.54220e-32]]], device='cuda:0')
batch_qtargets_yolo:  tensor([[ 0.00000e+00,  2.00000e+00,  6.24847e-03,  6.24847e-03, -1.00000e+00, -1.00000e+00],
        [ 0.00000e+00,  2.00000e+00,  1.87531e-02,  6.24847e-03, -1.00000e+00, -1.00000e+00],
        [ 0.00000e+00,  2.00000e+00,  3.12500e-02,  6.24847e-03, -1.00000e+00, -1.00000e+00],
        ...,
        [ 1.90000e+01,  2.00000e+00,  8.75000e-01,  9.75098e-01, -1.00000e+00, -1.00000e+00],
        [ 1.90000e+01,  2.00000e+00,  9.24805e-01,  9.75098e-01, -1.00000e+00, -1.00000e+00],
        [ 1.90000e+01,  2.00000e+00,  9.75098e-01,  9.75098e-01, -1.00000e+00, -1.00000e+00]], device='cuda:0')

       0/9       10G         0   0.02353         0       191       640:   3%|▎         | 3/106 [01:13<41:26, 24.14s/it]
batch_pred_yolo:  tensor([[[1.17416e-02, 0.00000e+00, 1.35938e+01,  ..., 4.43604e-01, 3.42285e-01, 2.76947e-02],
         [2.12708e-02, 1.95265e-04, 1.46641e+01,  ..., 3.06396e-01, 2.71240e-01, 4.09851e-02],
         [3.21960e-02, 1.75762e-03, 1.74844e+01,  ..., 2.98584e-01, 2.12280e-01, 4.48608e-02],
         ...,
         [8.70117e-01, 9.82910e-01, 6.07500e+02,  ..., 2.14233e-01, 3.12256e-01, 3.32031e-01],
         [9.14062e-01, 9.81445e-01, 5.94500e+02,  ..., 2.01538e-01, 3.48389e-01, 3.24707e-01],
         [9.64844e-01, 9.83398e-01, 6.31000e+02,  ..., 2.56348e-01, 2.49268e-01, 2.55615e-01]],
        [[1.15967e-02, 0.00000e+00, 1.02969e+01,  ..., 4.78516e-01, 4.66309e-01, 2.16522e-02],
         [2.08435e-02, 5.36919e-04, 1.21328e+01,  ..., 3.19580e-01, 3.80127e-01, 3.26538e-02],
         [3.03650e-02, 2.71034e-03, 1.75938e+01,  ..., 2.53174e-01, 2.91016e-01, 4.81262e-02],
         ...,
         [8.69629e-01, 9.85352e-01, 6.21500e+02,  ..., 2.57812e-01, 2.67090e-01, 3.30322e-01],
         [9.13086e-01, 9.82910e-01, 5.73000e+02,  ..., 2.49268e-01, 2.75879e-01, 3.34717e-01],
         [9.63379e-01, 9.83398e-01, 5.85500e+02,  ..., 2.53906e-01, 2.04224e-01, 2.48535e-01]],
        [[1.12305e-02, 0.00000e+00, 1.48047e+01,  ..., 4.82910e-01, 3.89893e-01, 2.42310e-02],
         [2.08435e-02, 4.27246e-04, 1.57500e+01,  ..., 3.42773e-01, 3.03711e-01, 3.84521e-02],
         [3.15857e-02, 2.20871e-03, 1.97188e+01,  ..., 3.50342e-01, 2.35474e-01, 4.50134e-02],
         ...,
         [8.73535e-01, 9.82910e-01, 4.77750e+02,  ..., 2.50244e-01, 2.64160e-01, 3.59863e-01],
         [9.15039e-01, 9.79004e-01, 4.76250e+02,  ..., 2.37793e-01, 2.91748e-01, 3.43750e-01],
         [9.67285e-01, 9.82910e-01, 4.96250e+02,  ..., 2.67334e-01, 1.93359e-01, 2.57568e-01]],
        ...,
        [[1.08490e-02, 0.00000e+00, 7.27734e+00,  ..., 4.51660e-01, 3.56201e-01, 3.13721e-02],
         [2.02332e-02, 0.00000e+00, 7.91406e+00,  ..., 3.15430e-01, 2.82471e-01, 4.40063e-02],
         [3.02277e-02, 1.00708e-03, 1.12891e+01,  ..., 3.06641e-01, 2.20337e-01, 4.51965e-02],
         ...,
         [8.71094e-01, 9.78027e-01, 5.96500e+02,  ..., 2.53906e-01, 2.71973e-01, 3.52051e-01],
         [9.12598e-01, 9.79004e-01, 5.80000e+02,  ..., 2.30957e-01, 2.78320e-01, 3.51807e-01],
         [9.65820e-01, 9.81934e-01, 6.08500e+02,  ..., 2.80762e-01, 1.94702e-01, 2.60010e-01]],
        [[1.22681e-02, 0.00000e+00, 1.11641e+01,  ..., 4.31152e-01, 4.10400e-01, 2.67029e-02],
         [2.15912e-02, 3.05176e-05, 1.24141e+01,  ..., 2.78564e-01, 3.16895e-01, 4.14734e-02],
         [3.17078e-02, 1.99509e-03, 1.54531e+01,  ..., 2.50732e-01, 2.41821e-01, 5.20325e-02],
         ...,
         [8.68652e-01, 9.82910e-01, 6.33000e+02,  ..., 2.94678e-01, 2.60254e-01, 3.58398e-01],
         [9.02344e-01, 9.76562e-01, 6.18000e+02,  ..., 2.49390e-01, 3.14453e-01, 3.12988e-01],
         [9.58496e-01, 9.79492e-01, 6.76500e+02,  ..., 2.84912e-01, 2.04834e-01, 2.66602e-01]],
        [[1.14365e-02, 0.00000e+00, 1.15625e+01,  ..., 4.73145e-01, 3.42041e-01, 2.10419e-02],
         [2.05688e-02, 0.00000e+00, 1.23516e+01,  ..., 3.48633e-01, 2.77588e-01, 2.95410e-02],
         [3.09143e-02, 1.10435e-03, 1.72031e+01,  ..., 2.85156e-01, 2.27417e-01, 3.46069e-02],
         ...,
         [8.71094e-01, 9.86816e-01, 5.91000e+02,  ..., 2.53418e-01, 2.26318e-01, 3.34473e-01],
         [9.12598e-01, 9.84375e-01, 6.01000e+02,  ..., 2.41089e-01, 2.54150e-01, 3.17383e-01],
         [9.62402e-01, 9.85352e-01, 6.35000e+02,  ..., 2.72461e-01, 1.96655e-01, 2.37915e-01]]], device='cuda:0', dtype=torch.float16, grad_fn=<CopySlices>)
batch_pred_yolo size:  torch.Size([20, 25200, 8])
640
batch_pred_bcc:  tensor([[[-8.73936e+00, -8.99865e+00, -1.15131e+01, -4.88401e-04],
         [-8.59749e+00, -8.71937e+00, -1.06092e+01, -4.88401e-04],
         [-8.23130e+00, -8.57244e+00, -1.01268e+01, -4.88401e-04],
         ...,
         [-4.91582e+00, -4.53906e+00, -4.47765e+00, -2.97346e-02],
         [-4.83861e+00, -4.29127e+00, -4.36166e+00, -3.47775e-02],
         [-4.51020e+00, -4.53820e+00, -4.51306e+00, -3.32619e-02]],
        [[-8.89087e+00, -8.91671e+00, -1.19865e+01, -4.88401e-04],
         [-8.73962e+00, -8.56612e+00, -1.10207e+01, -4.88401e-04],
         [-8.17839e+00, -8.03909e+00, -9.83864e+00, -4.88401e-04],
         ...,
         [-4.97827e+00, -4.94292e+00, -4.73043e+00, -2.32167e-02],
         [-4.88787e+00, -4.78643e+00, -4.59311e+00, -2.62197e-02],
         [-4.65749e+00, -4.87524e+00, -4.67887e+00, -2.67210e-02]],
        [[-8.63505e+00, -8.84900e+00, -1.16272e+01, -4.88401e-04],
         [-8.45825e+00, -8.57924e+00, -1.06459e+01, -4.88401e-04],
         [-8.11248e+00, -8.50979e+00, -1.01644e+01, -4.88401e-04],
         ...,
         [-5.11219e+00, -5.05807e+00, -4.74890e+00, -2.12196e-02],
         [-4.91588e+00, -4.71139e+00, -4.54737e+00, -2.72227e-02],
         [-4.60562e+00, -4.92957e+00, -4.64283e+00, -2.72227e-02]],
        ...,
        [[-8.57714e+00, -8.81458e+00, -1.12442e+01, -4.88401e-04],
         [-8.42980e+00, -8.54016e+00, -1.03994e+01, -4.88401e-04],
         [-8.08148e+00, -8.41200e+00, -9.99614e+00, -4.88401e-04],
         ...,
         [-5.05578e+00, -4.98705e+00, -4.72897e+00, -2.22176e-02],
         [-4.98994e+00, -4.80340e+00, -4.56909e+00, -2.57185e-02],
         [-4.70028e+00, -5.06632e+00, -4.77707e+00, -2.42167e-02]],
        [[-8.79387e+00, -8.84319e+00, -1.15756e+01, -4.88401e-04],
         [-8.65149e+00, -8.52257e+00, -1.05561e+01, -4.88401e-04],
         [-8.27211e+00, -8.30830e+00, -9.84463e+00, -4.88401e-04],
         ...,
         [-4.74058e+00, -4.86480e+00, -4.54481e+00, -2.72227e-02],
         [-4.67350e+00, -4.44168e+00, -4.44635e+00, -3.32619e-02],
         [-4.46079e+00, -4.79077e+00, -4.52721e+00, -3.12448e-02]],
        [[-8.93681e+00, -9.26128e+00, -1.20497e+01,  0.00000e+00],
         [-8.71784e+00, -8.94573e+00, -1.11861e+01, -4.88401e-04],
         [-8.26955e+00, -8.49580e+00, -1.03785e+01, -4.88401e-04],
         ...,
         [-4.93502e+00, -5.04812e+00, -4.65751e+00, -2.32167e-02],
         [-4.76218e+00, -4.70942e+00, -4.48724e+00, -2.92317e-02],
         [-4.57828e+00, -4.90432e+00, -4.71386e+00, -2.72227e-02]]], device='cuda:0', grad_fn=<LogBackward0>)
batch_qtargets:  tensor([[[3.53457e-33, 2.72730e-33, 1.00000e+00, 2.20591e-29],
         [1.64966e-33, 1.46036e-33, 1.00000e+00, 8.93339e-30],
         [1.46867e-33, 1.04418e-33, 1.00000e+00, 5.51480e-30],
         ...,
         [1.42362e-34, 2.07502e-34, 1.00000e+00, 1.88540e-32],
         [1.36950e-34, 2.36743e-34, 1.00000e+00, 1.67047e-32],
         [2.21276e-34, 2.15163e-34, 1.00000e+00, 1.94643e-32]],
        [[4.87681e-33, 4.75222e-33, 1.00000e+00, 3.54143e-29],
         [2.15958e-33, 2.56880e-33, 1.00000e+00, 1.34812e-29],
         [1.16082e-33, 1.33430e-33, 1.00000e+00, 4.13418e-30],
         ...,
