Overriding model.yaml nc=80 with nc=3
                 from  n    params  module                                  arguments
  0                -1  1      3520  models.common.Conv                      [3, 32, 6, 2, 2]
  1                -1  1     18560  models.common.Conv                      [32, 64, 3, 2]
  2                -1  1     18816  models.common.C3                        [64, 64, 1]
  3                -1  1     73984  models.common.Conv                      [64, 128, 3, 2]
  4                -1  2    115712  models.common.C3                        [128, 128, 2]
  5                -1  1    295424  models.common.Conv                      [128, 256, 3, 2]
  6                -1  3    625152  models.common.C3                        [256, 256, 3]
  7                -1  1   1180672  models.common.Conv                      [256, 512, 3, 2]
  8                -1  1   1182720  models.common.C3                        [512, 512, 1]
  9                -1  1    656896  models.common.SPPF                      [512, 512, 5]
 10                -1  1    131584  models.common.Conv                      [512, 256, 1, 1]
 11                -1  1         0  torch.nn.modules.upsampling.Upsample    [None, 2, 'nearest']
 12           [-1, 6]  1         0  models.common.Concat                    [1]
 13                -1  1    361984  models.common.C3                        [512, 256, 1, False]
 14                -1  1     33024  models.common.Conv                      [256, 128, 1, 1]
 15                -1  1         0  torch.nn.modules.upsampling.Upsample    [None, 2, 'nearest']
 16           [-1, 4]  1         0  models.common.Concat                    [1]
 17                -1  1     90880  models.common.C3                        [256, 128, 1, False]
 18                -1  1    147712  models.common.Conv                      [128, 128, 3, 2]
 19          [-1, 14]  1         0  models.common.Concat                    [1]
 20                -1  1    296448  models.common.C3                        [256, 256, 1, False]
 21                -1  1    590336  models.common.Conv                      [256, 256, 3, 2]
 22          [-1, 10]  1         0  models.common.Concat                    [1]
 23                -1  1   1182720  models.common.C3                        [512, 512, 1, False]
 24      [17, 20, 23]  1     21576  models.yolo.Detect                      [3, [[10, 13, 16, 30, 33, 23], [30, 61, 62, 45, 59, 119], [116, 90, 156, 198, 373, 326]], [128, 256, 512]]
C:\Users\rb01243\Anaconda3\lib\site-packages\torch\functional.py:445: UserWarning: torch.meshgrid: in an upcoming release, it will be required to pass the indexing argument. (Triggered internally at  ..\aten\src\ATen\native\TensorShape.cpp:2157.)
  return _VF.meshgrid(tensors, **kwargs)  # type: ignore[attr-defined]
Model Summary: 270 layers, 7027720 parameters, 7027720 gradients, 15.9 GFLOPs
Transferred 344/350 items from yolov5s.pt
Scaled weight_decay = 0.00046875
[34m[1moptimizer:[39m[22m SGD with parameter groups 57 weight, 60 weight (no decay), 60 bias

[34m[1mtrain: [39m[22mScanning '..\data\datasets\All_Volunteers_Crowdsourced\labels\train' images and labels...2102 found, 0 missing, 0 empty, 0 corrupted: 100%|██████████| 2102/2102 [00:05<00:00, 377.37it/s]
[34m[1mtrain: [39m[22mWARNING: Cache directory ..\data\datasets\All_Volunteers_Crowdsourced\labels is not writeable: [WinError 183] Cannot create a file when that file already exists: '..\\data\\datasets\\All_Volunteers_Crowdsourced\\labels\\train.cache.npy' -> '..\\data\\datasets\\All_Volunteers_Crowdsourced\\labels\\train.cache'

[34m[1mval: [39m[22mScanning '..\data\datasets\All_Volunteers_IID\labels\val' images and labels...860 found, 0 missing, 0 empty, 2 corrupted: 100%|██████████| 860/860 [00:04<00:00, 184.49it/s]
[34m[1mval: [39m[22mWARNING: Ignoring corrupted image and/or label ..\data\datasets\All_Volunteers_IID\images\val\Unknown-X-20191113-153036-XKNMQ7OPXKU-3.1f089314ef9273e4647b.JPG: non-normalized or out of bounds coordinate labels
[34m[1mval: [39m[22mWARNING: Ignoring corrupted image and/or label ..\data\datasets\All_Volunteers_IID\images\val\Unknown-X-20191113-153036-XKNMQ7OPXKU-3.9c62fc6bf51ff6f1eafe.JPG: non-normalized or out of bounds coordinate labels
[34m[1mval: [39m[22mWARNING: Cache directory ..\data\datasets\All_Volunteers_IID\labels is not writeable: [WinError 183] Cannot create a file when that file already exists: '..\\data\\datasets\\All_Volunteers_IID\\labels\\val.cache.npy' -> '..\\data\\datasets\\All_Volunteers_IID\\labels\\val.cache'
Plotting labels...
[34m[1mautoanchor: [39m[22mAnalyzing anchors... anchors/target = 5.23, Best Possible Recall (BPR) = 0.9990
Image sizes 640 train, 640 val
Using 8 dataloader workers
Logging results to [1mruns\train\LargeDS_cyolo13
Starting training for 10 epochs...
     Epoch   gpu_mem       box       obj       cls    labels  img_size
YOLO+BCC
  0%|          | 0/106 [00:00<?, ?it/s]
batch_pred_yolo nn predict:  tensor([[[1.31836e-02, 0.00000e+00, 1.02344e+01,  ..., 4.00391e-01, 4.28467e-01, 3.73840e-02],
         [2.24609e-02, 1.03772e-04, 1.09766e+01,  ..., 2.57812e-01, 3.24219e-01, 5.87769e-02],
         [3.23792e-02, 2.32506e-03, 1.59219e+01,  ..., 2.53418e-01, 2.37549e-01, 7.12280e-02],
         ...,
         [8.66211e-01, 9.85840e-01, 7.05000e+02,  ..., 2.30957e-01, 2.81494e-01, 3.33496e-01],
         [9.08691e-01, 9.83398e-01, 6.85500e+02,  ..., 2.26074e-01, 3.10791e-01, 3.18115e-01],
         [9.59961e-01, 9.84375e-01, 6.74500e+02,  ..., 2.37427e-01, 2.32788e-01, 2.56836e-01]],
        [[1.35880e-02, 0.00000e+00, 1.15625e+01,  ..., 3.70605e-01, 4.02588e-01, 3.41797e-02],
         [2.31323e-02, 0.00000e+00, 1.23906e+01,  ..., 2.38403e-01, 3.02734e-01, 5.24292e-02],
         [3.31116e-02, 1.90449e-03, 1.62656e+01,  ..., 2.32544e-01, 2.21313e-01, 6.58569e-02],
         ...,
         [8.73535e-01, 9.85352e-01, 5.47000e+02,  ..., 2.50732e-01, 2.65381e-01, 3.56201e-01],
         [9.14062e-01, 9.79492e-01, 5.18000e+02,  ..., 2.27661e-01, 2.99805e-01, 3.41309e-01],
         [9.62402e-01, 9.82910e-01, 5.34000e+02,  ..., 2.42188e-01, 2.26562e-01, 2.64893e-01]],
        [[1.18256e-02, 0.00000e+00, 6.26562e+00,  ..., 3.80371e-01, 4.24072e-01, 2.90833e-02],
         [2.10419e-02, 0.00000e+00, 7.41797e+00,  ..., 2.34741e-01, 3.29590e-01, 4.47693e-02],
         [3.07312e-02, 2.43568e-03, 1.35938e+01,  ..., 2.40967e-01, 2.34741e-01, 5.72815e-02],
         ...,
         [8.70117e-01, 9.84375e-01, 6.01000e+02,  ..., 2.66357e-01, 2.56836e-01, 3.60596e-01],
         [9.11133e-01, 9.79492e-01, 5.69000e+02,  ..., 2.32544e-01, 2.98828e-01, 3.43262e-01],
         [9.61914e-01, 9.81934e-01, 5.81000e+02,  ..., 2.54639e-01, 2.17163e-01, 2.87842e-01]],
        ...,
        [[1.27411e-02, 0.00000e+00, 1.07344e+01,  ..., 3.88428e-01, 4.04297e-01, 2.99835e-02],
         [2.19269e-02, 0.00000e+00, 1.15781e+01,  ..., 2.52441e-01, 3.11279e-01, 4.54407e-02],
         [3.19824e-02, 1.96457e-03, 1.59219e+01,  ..., 2.45117e-01, 2.38281e-01, 5.75867e-02],
         ...,
         [8.64746e-01, 9.85840e-01, 6.37000e+02,  ..., 2.66602e-01, 2.75635e-01, 3.22754e-01],
         [9.07715e-01, 9.83398e-01, 6.39500e+02,  ..., 2.56348e-01, 3.04443e-01, 3.05664e-01],
         [9.59961e-01, 9.84375e-01, 6.64500e+02,  ..., 2.64893e-01, 2.21802e-01, 2.50732e-01]],
        [[1.24969e-02, 0.00000e+00, 1.07344e+01,  ..., 3.83057e-01, 3.72803e-01, 2.97546e-02],
         [2.15912e-02, 0.00000e+00, 1.19453e+01,  ..., 2.47314e-01, 2.96143e-01, 4.55322e-02],
         [3.14331e-02, 1.97220e-03, 1.66719e+01,  ..., 2.34375e-01, 2.16553e-01, 5.35889e-02],
         ...,
         [8.68164e-01, 9.84375e-01, 5.73500e+02,  ..., 2.48535e-01, 2.65137e-01, 3.62305e-01],
         [9.10156e-01, 9.81445e-01, 5.46000e+02,  ..., 2.48535e-01, 2.99072e-01, 3.55225e-01],
         [9.60938e-01, 9.82910e-01, 5.71000e+02,  ..., 2.66846e-01, 2.16797e-01, 2.83936e-01]],
        [[1.33514e-02, 0.00000e+00, 1.33438e+01,  ..., 3.38135e-01, 4.41162e-01, 2.97089e-02],
         [2.28119e-02, 4.94480e-04, 1.43828e+01,  ..., 2.04956e-01, 3.46924e-01, 4.48608e-02],
         [3.28369e-02, 2.67982e-03, 1.88750e+01,  ..., 2.19727e-01, 2.57568e-01, 5.70679e-02],
         ...,
         [8.70117e-01, 9.84375e-01, 6.42500e+02,  ..., 2.81982e-01, 2.58301e-01, 3.16162e-01],
         [9.11133e-01, 9.79492e-01, 6.22500e+02,  ..., 2.44141e-01, 2.95898e-01, 3.00781e-01],
         [9.61914e-01, 9.81934e-01, 6.52000e+02,  ..., 2.86865e-01, 2.20337e-01, 2.33032e-01]]], device='cuda:0', dtype=torch.float16, grad_fn=<CopySlices>)
batch_pred_yolo nn predict:  tensor([1.31836e-02, 0.00000e+00, 1.02344e+01, 2.71562e+01, 5.52654e-04, 4.00391e-01, 4.28467e-01, 3.73840e-02], device='cuda:0', dtype=torch.float16, grad_fn=<SliceBackward0>)
batch_pred_yolo size nn predict:  torch.Size([20, 25200, 8])
batch_pred_bcc yolo2bcc:  tensor([[-8.21951e+00, -7.99032e+00, -9.69799e+00, -4.88401e-04],
        [-8.36990e+00, -8.13101e+00, -9.88440e+00, -4.88401e-04],
        [-8.14568e+00, -7.80631e+00, -9.80264e+00, -9.77040e-04],
        [-8.56334e+00, -8.34988e+00, -1.00379e+01, -4.88401e-04],
        [-8.45101e+00, -8.39212e+00, -9.99637e+00, -4.88401e-04],
        [-8.26965e+00, -7.92695e+00, -9.81174e+00, -4.88401e-04],
        [-8.63540e+00, -8.62652e+00, -1.03464e+01, -4.88401e-04],
        [-8.39808e+00, -8.20917e+00, -9.97337e+00, -4.88401e-04],
        [-8.03197e+00, -7.79362e+00, -9.87544e+00, -9.77040e-04],
        [-8.61694e+00, -8.59080e+00, -1.03706e+01, -4.88401e-04],
        [-8.05309e+00, -7.59075e+00, -9.78045e+00, -9.77040e-04],
        [-7.75112e+00, -7.74329e+00, -1.00424e+01, -9.77040e-04],
        [-8.62557e+00, -8.32752e+00, -1.06122e+01, -4.88401e-04],
        [-8.43933e+00, -8.19838e+00, -1.01172e+01, -4.88401e-04],
        [-8.71979e+00, -8.76643e+00, -1.03426e+01, -4.88401e-04],
        [-8.07585e+00, -8.03490e+00, -1.00076e+01, -4.88401e-04],
        [-8.36686e+00, -8.37480e+00, -1.02807e+01, -4.88401e-04],
        [-8.47475e+00, -8.26524e+00, -1.01895e+01, -4.88401e-04],
        [-8.46159e+00, -8.28141e+00, -1.01538e+01, -4.88401e-04],
        [-8.73315e+00, -8.20684e+00, -1.02524e+01, -4.88401e-04]], device='cuda:0', grad_fn=<SliceBackward0>)
batch_qtargets VBi:  tensor([[[2.36331e-33, 2.52913e-33, 1.00000e+00, 9.24740e-30],
         [9.67891e-34, 1.21712e-33, 1.00000e+00, 3.59162e-30],
         [7.85114e-34, 7.35928e-34, 1.00000e+00, 1.87323e-30],
         ...,
         [1.52806e-34, 1.86242e-34, 1.00000e+00, 1.97335e-32],
         [1.56812e-34, 2.15570e-34, 1.00000e+00, 1.86662e-32],
         [2.03974e-34, 1.99979e-34, 1.00000e+00, 1.97383e-32]],
        [[2.39263e-33, 2.59908e-33, 1.00000e+00, 1.14588e-29],
         [1.00338e-33, 1.27406e-33, 1.00000e+00, 4.32756e-30],
         [7.79147e-34, 7.41519e-34, 1.00000e+00, 2.14609e-30],
         ...,
         [1.55308e-34, 1.64388e-34, 1.00000e+00, 2.36612e-32],
         [1.47177e-34, 1.93815e-34, 1.00000e+00, 1.91883e-32],
         [2.01733e-34, 1.88714e-34, 1.00000e+00, 2.05572e-32]],
        [[2.88606e-33, 3.21767e-33, 1.00000e+00, 1.02528e-29],
         [1.15700e-33, 1.62448e-33, 1.00000e+00, 3.98601e-30],
         [9.28258e-34, 9.04268e-34, 1.00000e+00, 1.70705e-30],
         ...,
         [1.62990e-34, 1.57157e-34, 1.00000e+00, 2.10216e-32],
         [1.49476e-34, 1.92084e-34, 1.00000e+00, 1.69802e-32],
         [1.95192e-34, 1.66468e-34, 1.00000e+00, 1.74872e-32]],
        ...,
        [[2.85871e-33, 2.97550e-33, 1.00000e+00, 1.50826e-29],
         [1.22592e-33, 1.51159e-33, 1.00000e+00, 5.87191e-30],
         [9.39258e-34, 9.13031e-34, 1.00000e+00, 2.42902e-30],
         ...,
         [1.82261e-34, 1.88438e-34, 1.00000e+00, 1.71552e-32],
         [1.85041e-34, 2.19769e-34, 1.00000e+00, 1.78582e-32],
         [2.33116e-34, 1.95192e-34, 1.00000e+00, 2.00785e-32]],
        [[2.84097e-33, 2.76485e-33, 1.00000e+00, 1.43936e-29],
         [1.19855e-33, 1.43517e-33, 1.00000e+00, 5.66595e-30],
         [9.65059e-34, 8.91717e-34, 1.00000e+00, 2.47300e-30],
         ...,
         [1.51358e-34, 1.61465e-34, 1.00000e+00, 1.96302e-32],
         [1.54372e-34, 1.85765e-34, 1.00000e+00, 1.78288e-32],
         [2.07363e-34, 1.68472e-34, 1.00000e+00, 1.86730e-32]],
        [[2.51159e-33, 3.27673e-33, 1.00000e+00, 1.58634e-29],
         [1.00817e-33, 1.70649e-33, 1.00000e+00, 6.25290e-30],
         [8.49585e-34, 9.95876e-34, 1.00000e+00, 2.80725e-30],
         ...,
         [1.96795e-34, 1.80270e-34, 1.00000e+00, 2.44481e-32],
         [1.79096e-34, 2.17062e-34, 1.00000e+00, 2.05008e-32],
         [2.71610e-34, 2.08620e-34, 1.00000e+00, 2.44690e-32]]], device='cuda:0')
batch_qtargets_yolo:  tensor([[ 0.00000e+00,  2.00000e+00,  6.24847e-03,  6.24847e-03, -1.00000e+00, -1.00000e+00],
        [ 0.00000e+00,  2.00000e+00,  1.87531e-02,  6.24847e-03, -1.00000e+00, -1.00000e+00],
        [ 0.00000e+00,  2.00000e+00,  3.12500e-02,  6.24847e-03, -1.00000e+00, -1.00000e+00],
        ...,
        [ 1.90000e+01,  2.00000e+00,  8.75000e-01,  9.75098e-01, -1.00000e+00, -1.00000e+00],
        [ 1.90000e+01,  2.00000e+00,  9.24805e-01,  9.75098e-01, -1.00000e+00, -1.00000e+00],
        [ 1.90000e+01,  2.00000e+00,  9.75098e-01,  9.75098e-01, -1.00000e+00, -1.00000e+00]], device='cuda:0')


       0/9     7.45G         0   0.02391         0       233       640:   1%|          | 1/106 [00:25<44:51, 25.64s/it]
batch_pred_yolo nn predict:  tensor([[[1.14899e-02, 0.00000e+00, 9.19531e+00,  ..., 4.52148e-01, 3.71338e-01, 3.35388e-02],
         [2.07977e-02, 2.98977e-04, 1.01953e+01,  ..., 3.03711e-01, 2.90283e-01, 5.16663e-02],
         [3.10974e-02, 2.13051e-03, 1.38281e+01,  ..., 2.84180e-01, 2.27661e-01, 5.72815e-02],
         ...,
         [8.65723e-01, 9.84375e-01, 6.46500e+02,  ..., 2.89795e-01, 2.30713e-01, 3.15186e-01],
         [9.08691e-01, 9.81934e-01, 6.18000e+02,  ..., 2.79541e-01, 2.44507e-01, 3.05664e-01],
         [9.59473e-01, 9.81934e-01, 6.50000e+02,  ..., 2.91992e-01, 1.83350e-01, 2.37915e-01]],
        [[1.13983e-02, 0.00000e+00, 1.21094e+01,  ..., 4.66553e-01, 3.31543e-01, 2.41852e-02],
         [2.04620e-02, 1.09851e-04, 1.34844e+01,  ..., 3.31055e-01, 2.59033e-01, 3.64380e-02],
         [3.10822e-02, 1.84917e-03, 1.72188e+01,  ..., 2.91748e-01, 2.09106e-01, 4.86755e-02],
         ...,
         [8.70117e-01, 9.85840e-01, 5.84500e+02,  ..., 2.50977e-01, 2.48291e-01, 3.48145e-01],
         [9.13086e-01, 9.83398e-01, 5.94500e+02,  ..., 2.51953e-01, 2.80518e-01, 3.36182e-01],
         [9.63379e-01, 9.83398e-01, 6.15000e+02,  ..., 2.82471e-01, 2.18994e-01, 2.58301e-01]],
        [[1.23672e-02, 0.00000e+00, 1.15625e+01,  ..., 4.45312e-01, 3.77441e-01, 2.42767e-02],
         [2.18658e-02, 0.00000e+00, 1.27656e+01,  ..., 3.09814e-01, 3.01270e-01, 3.62244e-02],
         [3.22876e-02, 1.66035e-03, 1.65938e+01,  ..., 2.79785e-01, 2.53662e-01, 4.32129e-02],
         ...,
         [8.72559e-01, 9.84375e-01, 6.71500e+02,  ..., 2.62207e-01, 2.70996e-01, 3.35693e-01],
         [9.15039e-01, 9.82910e-01, 6.50000e+02,  ..., 2.42188e-01, 2.92480e-01, 3.08105e-01],
         [9.65820e-01, 9.84375e-01, 6.45500e+02,  ..., 2.64404e-01, 2.26440e-01, 2.28516e-01]],
        ...,
        [[1.05820e-02, 0.00000e+00, 7.98438e+00,  ..., 3.81348e-01, 3.25195e-01, 3.94897e-02],
         [1.99432e-02, 0.00000e+00, 9.07812e+00,  ..., 2.44751e-01, 2.53662e-01, 5.86548e-02],
         [3.01514e-02, 1.74522e-03, 1.18594e+01,  ..., 2.53418e-01, 1.92749e-01, 6.06384e-02],
         ...,
         [8.67188e-01, 9.84375e-01, 7.01000e+02,  ..., 2.63916e-01, 2.39014e-01, 3.22266e-01],
         [9.11133e-01, 9.83398e-01, 6.52000e+02,  ..., 2.58789e-01, 2.45483e-01, 3.21289e-01],
         [9.59473e-01, 9.82910e-01, 6.79500e+02,  ..., 2.92480e-01, 1.84326e-01, 2.43286e-01]],
        [[1.16348e-02, 0.00000e+00, 1.31406e+01,  ..., 3.76221e-01, 3.49609e-01, 4.23279e-02],
         [2.12708e-02, 0.00000e+00, 1.48047e+01,  ..., 2.41089e-01, 2.61719e-01, 6.48804e-02],
         [3.17383e-02, 1.26934e-03, 1.77188e+01,  ..., 2.48291e-01, 1.77856e-01, 6.82983e-02],
         ...,
         [8.77930e-01, 9.79492e-01, 3.81000e+02,  ..., 2.28516e-01, 2.44019e-01, 4.13574e-01],
         [9.17969e-01, 9.74121e-01, 3.78750e+02,  ..., 2.12036e-01, 2.87109e-01, 3.94775e-01],
         [9.68750e-01, 9.79492e-01, 4.15000e+02,  ..., 2.66602e-01, 2.14233e-01, 2.71484e-01]],
        [[1.29623e-02, 0.00000e+00, 1.43594e+01,  ..., 3.76465e-01, 4.42627e-01, 2.73743e-02],
         [2.25830e-02, 3.35693e-04, 1.55312e+01,  ..., 2.42798e-01, 3.52539e-01, 3.97034e-02],
         [3.27759e-02, 2.38037e-03, 1.93906e+01,  ..., 2.20703e-01, 2.72217e-01, 5.25208e-02],
         ...,
         [8.72070e-01, 9.85840e-01, 5.78500e+02,  ..., 2.51465e-01, 2.45117e-01, 3.37402e-01],
         [9.14062e-01, 9.85352e-01, 6.06000e+02,  ..., 2.41089e-01, 2.74658e-01, 3.15674e-01],
         [9.63867e-01, 9.84375e-01, 6.62000e+02,  ..., 2.85645e-01, 2.08984e-01, 2.39014e-01]]], device='cuda:0', dtype=torch.float16, grad_fn=<CopySlices>)
batch_pred_yolo nn predict:  tensor([1.14899e-02, 0.00000e+00, 9.19531e+00, 2.81875e+01, 3.03030e-04, 4.52148e-01, 3.71338e-01, 3.35388e-02], device='cuda:0', dtype=torch.float16, grad_fn=<SliceBackward0>)
batch_pred_yolo size nn predict:  torch.Size([20, 25200, 8])
batch_pred_bcc yolo2bcc:  tensor([[-8.62193e+00, -8.66715e+00, -1.03932e+01, -4.88401e-04],
        [-8.94306e+00, -9.18839e+00, -1.11497e+01, -4.88401e-04],
        [-8.86241e+00, -8.89038e+00, -1.10087e+01, -4.88401e-04],
        [-8.93102e+00, -8.71785e+00, -1.11539e+01, -4.88401e-04],
        [-8.69695e+00, -8.72425e+00, -1.12030e+01, -4.88401e-04],
        [-8.73471e+00, -9.01735e+00, -1.11990e+01, -4.88401e-04],
        [-8.72809e+00, -8.90421e+00, -1.08305e+01, -4.88401e-04],
        [-8.62843e+00, -8.40045e+00, -1.06571e+01, -4.88401e-04],
        [-8.76272e+00, -8.69881e+00, -1.05744e+01, -4.88401e-04],
        [-8.80920e+00, -8.69793e+00, -1.10093e+01, -4.88401e-04],
        [-7.96595e+00, -8.05515e+00, -1.01330e+01, -4.88401e-04],
        [-8.58353e+00, -8.77633e+00, -1.05252e+01, -4.88401e-04],
        [-8.57920e+00, -8.48883e+00, -1.05256e+01, -4.88401e-04],
        [-8.35857e+00, -8.54593e+00, -1.03159e+01, -4.88401e-04],
        [-8.09970e+00, -7.91015e+00, -1.02992e+01, -4.88401e-04],
        [-8.24867e+00, -8.67201e+00, -1.05839e+01, -4.88401e-04],
        [-8.45215e+00, -8.57278e+00, -1.06822e+01, -4.88401e-04],
        [-8.53799e+00, -8.50223e+00, -9.96656e+00, -4.88401e-04],
        [-8.07621e+00, -7.99411e+00, -9.38883e+00, -4.88401e-04],
        [-8.83670e+00, -8.46376e+00, -1.06475e+01, -4.88401e-04]], device='cuda:0', grad_fn=<SliceBackward0>)
batch_qtargets VBi:  tensor([[[2.97477e-33, 2.44310e-33, 1.00000e+00, 1.85983e-29],
         [1.29712e-33, 1.23977e-33, 1.00000e+00, 7.19837e-30],
         [1.09476e-33, 8.76982e-34, 1.00000e+00, 4.12158e-30],
         ...,
         [2.02868e-34, 1.61504e-34, 1.00000e+00, 2.45363e-32],
         [2.01794e-34, 1.76503e-34, 1.00000e+00, 2.07070e-32],
         [2.70799e-34, 1.70042e-34, 1.00000e+00, 2.29178e-32]],
        [[4.25700e-33, 3.02512e-33, 1.00000e+00, 4.01909e-29],
         [2.00486e-33, 1.56865e-33, 1.00000e+00, 1.53388e-29],
         [1.32263e-33, 9.48012e-34, 1.00000e+00, 6.27661e-30],
         ...,
         [1.59068e-34, 1.57359e-34, 1.00000e+00, 2.22195e-32],
         [1.65364e-34, 1.84117e-34, 1.00000e+00, 2.03711e-32],
         [2.41295e-34, 1.87074e-34, 1.00000e+00, 2.34642e-32]],
        [[4.04770e-33, 3.43084e-33, 1.00000e+00, 3.41909e-29],
         [1.88730e-33, 1.83528e-33, 1.00000e+00, 1.33209e-29],
         [1.42870e-33, 1.29530e-33, 1.00000e+00, 6.03358e-30],
         ...,
         [1.72340e-34, 1.78115e-34, 1.00000e+00, 2.30370e-32],
         [1.73449e-34, 2.09462e-34, 1.00000e+00, 2.09447e-32],
         [2.55294e-34, 2.18645e-34, 1.00000e+00, 2.30497e-32]],
        ...,
        [[2.13091e-33, 1.81722e-33, 1.00000e+00, 1.19459e-29],
         [9.20810e-34, 9.54282e-34, 1.00000e+00, 4.69838e-30],
         [9.22159e-34, 7.01371e-34, 1.00000e+00, 3.21872e-30],
         ...,
         [1.80711e-34, 1.63657e-34, 1.00000e+00, 2.53785e-32],
         [1.77724e-34, 1.68585e-34, 1.00000e+00, 2.19071e-32],
         [2.65286e-34, 1.67181e-34, 1.00000e+00, 2.57798e-32]],
        [[1.96129e-33, 1.82255e-33, 1.00000e+00, 6.85784e-30],
         [8.19935e-34, 8.90086e-34, 1.00000e+00, 2.63652e-30],
         [8.02165e-34, 5.74612e-34, 1.00000e+00, 2.06337e-30],
         ...,
         [1.21917e-34, 1.30193e-34, 1.00000e+00, 2.11903e-32],
         [1.18513e-34, 1.60472e-34, 1.00000e+00, 1.94572e-32],
         [2.16692e-34, 1.74127e-34, 1.00000e+00, 2.39576e-32]],
        [[3.03474e-33, 3.56816e-33, 1.00000e+00, 2.25066e-29],
         [1.34945e-33, 1.95937e-33, 1.00000e+00, 9.28246e-30],
         [9.27239e-34, 1.14366e-33, 1.00000e+00, 3.62797e-30],
         ...,
         [1.64448e-34, 1.60296e-34, 1.00000e+00, 2.09103e-32],
         [1.68513e-34, 1.91978e-34, 1.00000e+00, 1.93152e-32],
         [2.63704e-34, 1.92930e-34, 1.00000e+00, 2.35546e-32]]], device='cuda:0')
batch_qtargets_yolo:  tensor([[ 0.00000e+00,  2.00000e+00,  6.24847e-03,  6.24847e-03, -1.00000e+00, -1.00000e+00],
        [ 0.00000e+00,  2.00000e+00,  1.87531e-02,  6.24847e-03, -1.00000e+00, -1.00000e+00],
        [ 0.00000e+00,  2.00000e+00,  3.12500e-02,  6.24847e-03, -1.00000e+00, -1.00000e+00],
        ...,
        [ 1.90000e+01,  2.00000e+00,  8.75000e-01,  9.75098e-01, -1.00000e+00, -1.00000e+00],
        [ 1.90000e+01,  2.00000e+00,  9.24805e-01,  9.75098e-01, -1.00000e+00, -1.00000e+00],
        [ 1.90000e+01,  2.00000e+00,  9.75098e-01,  9.75098e-01, -1.00000e+00, -1.00000e+00]], device='cuda:0')

       0/9     9.98G         0   0.02373         0       297       640:   2%|▏         | 2/106 [00:49<42:12, 24.35s/it]
batch_pred_yolo nn predict:  tensor([[[1.23062e-02, 0.00000e+00, 1.12500e+01,  ..., 4.23584e-01, 3.95752e-01, 2.91443e-02],
         [2.18658e-02, 0.00000e+00, 1.22891e+01,  ..., 2.83447e-01, 3.00781e-01, 4.38538e-02],
         [3.23181e-02, 1.60503e-03, 1.53125e+01,  ..., 2.68311e-01, 2.31445e-01, 4.95911e-02],
         ...,
         [8.72070e-01, 9.83398e-01, 5.83500e+02,  ..., 2.72705e-01, 2.47681e-01, 3.09570e-01],
         [9.18945e-01, 9.83398e-01, 5.42500e+02,  ..., 2.57324e-01, 2.61963e-01, 3.17871e-01],
         [9.66309e-01, 9.85352e-01, 5.81000e+02,  ..., 2.85889e-01, 2.00195e-01, 2.54150e-01]],
        [[1.53198e-02, 0.00000e+00, 1.67656e+01,  ..., 4.77539e-01, 3.29102e-01, 2.58636e-02],
         [2.54211e-02, 0.00000e+00, 1.53828e+01,  ..., 3.72070e-01, 2.71729e-01, 3.41797e-02],
         [3.70483e-02, 1.60503e-03, 2.14219e+01,  ..., 2.44019e-01, 2.18506e-01, 4.28772e-02],
         ...,
         [8.70117e-01, 9.79492e-01, 4.85250e+02,  ..., 3.15674e-01, 2.71729e-01, 1.62354e-01],
         [9.02344e-01, 9.78027e-01, 4.55750e+02,  ..., 3.86719e-01, 3.02490e-01, 1.97388e-01],
         [9.59473e-01, 9.85840e-01, 6.91000e+02,  ..., 3.45215e-01, 2.24365e-01, 2.52686e-01]],
        [[1.16959e-02, 0.00000e+00, 1.32578e+01,  ..., 4.17480e-01, 4.17969e-01, 2.40479e-02],
         [2.11029e-02, 2.13623e-04, 1.48281e+01,  ..., 2.70264e-01, 3.34961e-01, 3.58276e-02],
         [3.13110e-02, 2.07520e-03, 1.79219e+01,  ..., 2.51953e-01, 2.45850e-01, 4.48608e-02],
         ...,
         [8.72559e-01, 9.86816e-01, 6.01000e+02,  ..., 2.88818e-01, 2.37915e-01, 3.25684e-01],
         [9.16992e-01, 9.84375e-01, 5.69000e+02,  ..., 2.69043e-01, 2.55371e-01, 3.06396e-01],
         [9.65820e-01, 9.85352e-01, 5.64500e+02,  ..., 2.85889e-01, 1.91772e-01, 2.34619e-01]],
        ...,
        [[1.19858e-02, 0.00000e+00, 1.16484e+01,  ..., 4.10645e-01, 3.64990e-01, 2.43378e-02],
         [2.13470e-02, 0.00000e+00, 1.25000e+01,  ..., 2.78076e-01, 2.93701e-01, 3.55530e-02],
         [3.15857e-02, 1.33038e-03, 1.63438e+01,  ..., 2.59033e-01, 2.21069e-01, 3.79028e-02],
         ...,
         [8.64746e-01, 9.76562e-01, 6.87500e+02,  ..., 2.42188e-01, 2.98584e-01, 3.39600e-01],
         [9.07227e-01, 9.75098e-01, 6.36000e+02,  ..., 2.21680e-01, 3.17139e-01, 3.52539e-01],
         [9.57031e-01, 9.79004e-01, 6.93000e+02,  ..., 2.77832e-01, 2.34741e-01, 2.58545e-01]],
        [[1.14517e-02, 0.00000e+00, 9.03125e+00,  ..., 3.81592e-01, 3.46436e-01, 3.24097e-02],
         [2.09045e-02, 0.00000e+00, 9.77344e+00,  ..., 2.45605e-01, 2.75146e-01, 4.72412e-02],
         [3.06091e-02, 1.36757e-03, 1.25000e+01,  ..., 2.52930e-01, 2.01172e-01, 4.94080e-02],
         ...,
         [8.65723e-01, 9.84375e-01, 6.38500e+02,  ..., 2.67090e-01, 2.78564e-01, 3.50098e-01],
         [9.11133e-01, 9.81934e-01, 5.94000e+02,  ..., 2.63184e-01, 2.81982e-01, 3.58398e-01],
         [9.61914e-01, 9.81934e-01, 6.35000e+02,  ..., 2.84180e-01, 2.15576e-01, 2.71973e-01]],
        [[1.10703e-02, 0.00000e+00, 1.25938e+01,  ..., 4.75830e-01, 3.42529e-01, 2.41394e-02],
         [2.03552e-02, 7.38621e-04, 1.45703e+01,  ..., 3.29834e-01, 2.70264e-01, 3.71094e-02],
         [3.06091e-02, 2.38037e-03, 1.83438e+01,  ..., 3.06152e-01, 2.07520e-01, 5.44128e-02],
         ...,
         [8.65723e-01, 9.79492e-01, 6.61000e+02,  ..., 2.60010e-01, 2.92480e-01, 2.98340e-01],
         [9.11133e-01, 9.77539e-01, 6.94000e+02,  ..., 2.58545e-01, 3.09082e-01, 3.22754e-01],
         [9.59961e-01, 9.79004e-01, 7.24500e+02,  ..., 2.92969e-01, 2.14966e-01, 2.46582e-01]]], device='cuda:0', dtype=torch.float16, grad_fn=<CopySlices>)
batch_pred_yolo nn predict:  tensor([1.23062e-02, 0.00000e+00, 1.12500e+01, 2.62500e+01, 3.89099e-04, 4.23584e-01, 3.95752e-01, 2.91443e-02], device='cuda:0', dtype=torch.float16, grad_fn=<SliceBackward0>)
batch_pred_yolo size nn predict:  torch.Size([20, 25200, 8])
batch_pred_bcc yolo2bcc:  tensor([[-8.41734e+00, -8.35798e+00, -1.02835e+01, -4.88401e-04],
        [-8.27625e+00, -8.59053e+00, -1.06637e+01, -4.88401e-04],
        [-8.64159e+00, -8.42697e+00, -1.06623e+01, -4.88401e-04],
        [-8.63556e+00, -8.57158e+00, -1.08757e+01, -4.88401e-04],
        [-8.36116e+00, -8.47389e+00, -1.05352e+01, -4.88401e-04],
        [-8.40267e+00, -8.40352e+00, -1.03476e+01, -4.88401e-04],
        [-8.12430e+00, -8.53266e+00, -1.05539e+01, -4.88401e-04],
        [-8.34325e+00, -8.33114e+00, -1.04671e+01, -4.88401e-04],
        [-8.65962e+00, -9.20907e+00, -1.14091e+01, -4.88401e-04],
        [-8.98515e+00, -9.18440e+00, -1.07585e+01, -4.88401e-04],
        [-8.92462e+00, -9.03077e+00, -1.12804e+01, -4.88401e-04],
        [-8.57591e+00, -9.05187e+00, -1.11629e+01, -4.88401e-04],
        [-8.63497e+00, -8.38225e+00, -1.07914e+01, -4.88401e-04],
        [-8.74453e+00, -9.05499e+00, -1.08328e+01, -4.88401e-04],
        [-8.95438e+00, -8.86535e+00, -1.11550e+01, -4.88401e-04],
        [-8.74950e+00, -9.04913e+00, -1.09420e+01, -4.88401e-04],
        [-8.74362e+00, -8.88429e+00, -1.09866e+01, -4.88401e-04],
        [-8.48873e+00, -8.43406e+00, -1.05456e+01, -4.88401e-04],
        [-8.33143e+00, -8.21785e+00, -9.97989e+00, -4.88401e-04],
        [-8.98707e+00, -9.18626e+00, -1.11718e+01,  0.00000e+00]], device='cuda:0', grad_fn=<SliceBackward0>)
batch_qtargets VBi:  tensor([[[3.20708e-33, 2.99645e-33, 1.00000e+00, 1.65024e-29],
         [1.42626e-33, 1.51353e-33, 1.00000e+00, 6.45061e-30],
         [1.19387e-33, 1.02987e-33, 1.00000e+00, 4.11881e-30],
         ...,
         [1.94372e-34, 1.76535e-34, 1.00000e+00, 2.77863e-32],
         [1.78627e-34, 1.81850e-34, 1.00000e+00, 2.38148e-32],
         [2.48211e-34, 1.73809e-34, 1.00000e+00, 2.57609e-32]],
        [[4.07423e-33, 2.80787e-33, 1.00000e+00, 1.92732e-29],
         [2.40214e-33, 1.75434e-33, 1.00000e+00, 9.43439e-30],
         [1.25576e-33, 1.12449e-33, 1.00000e+00, 3.99112e-30],
         ...,
         [4.29027e-34, 3.69303e-34, 1.00000e+00, 8.68400e-32],
         [4.32313e-34, 3.38148e-34, 1.00000e+00, 4.61148e-32],
         [3.01453e-34, 1.95920e-34, 1.00000e+00, 2.14820e-32]],
        [[3.83112e-33, 3.83557e-33, 1.00000e+00, 2.40651e-29],
         [1.66452e-33, 2.06295e-33, 1.00000e+00, 9.42058e-30],
         [1.23931e-33, 1.20927e-33, 1.00000e+00, 4.36097e-30],
         ...,
         [1.95681e-34, 1.61189e-34, 1.00000e+00, 2.01620e-32],
         [1.93756e-34, 1.83904e-34, 1.00000e+00, 1.87954e-32],
         [2.68856e-34, 1.80347e-34, 1.00000e+00, 2.22643e-32]],
        ...,
        [[3.72323e-33, 3.30929e-33, 1.00000e+00, 2.05451e-29],
         [1.72598e-33, 1.82288e-33, 1.00000e+00, 8.38344e-30],
         [1.50800e-33, 1.28703e-33, 1.00000e+00, 5.02496e-30],
         ...,
         [1.57359e-34, 1.94004e-34, 1.00000e+00, 2.55854e-32],
         [1.38750e-34, 1.98496e-34, 1.00000e+00, 1.96698e-32],
         [2.37105e-34, 2.00334e-34, 1.00000e+00, 2.56276e-32]],
        [[2.59813e-33, 2.35870e-33, 1.00000e+00, 1.17391e-29],
         [1.14723e-33, 1.28522e-33, 1.00000e+00, 4.76132e-30],
         [1.12965e-33, 8.98491e-34, 1.00000e+00, 3.12999e-30],
         ...,
         [1.68328e-34, 1.75557e-34, 1.00000e+00, 2.46699e-32],
         [1.62037e-34, 1.73607e-34, 1.00000e+00, 2.10396e-32],
         [2.30555e-34, 1.74894e-34, 1.00000e+00, 2.39606e-32]],
        [[4.34998e-33, 3.13126e-33, 1.00000e+00, 4.18992e-29],
         [1.96129e-33, 1.60702e-33, 1.00000e+00, 1.56882e-29],
         [1.24151e-33, 8.41534e-34, 1.00000e+00, 6.27546e-30],
         ...,
         [1.92295e-34, 2.16309e-34, 1.00000e+00, 2.15793e-32],
         [1.76751e-34, 2.11311e-34, 1.00000e+00, 2.02743e-32],
         [2.62147e-34, 1.92354e-34, 1.00000e+00, 2.41647e-32]]], device='cuda:0')
batch_qtargets_yolo:  tensor([[ 0.00000e+00,  2.00000e+00,  6.24847e-03,  6.24847e-03, -1.00000e+00, -1.00000e+00],
        [ 0.00000e+00,  2.00000e+00,  1.87531e-02,  6.24847e-03, -1.00000e+00, -1.00000e+00],
        [ 0.00000e+00,  2.00000e+00,  3.12500e-02,  6.24847e-03, -1.00000e+00, -1.00000e+00],
        ...,
        [ 1.90000e+01,  2.00000e+00,  8.75000e-01,  9.75098e-01, -1.00000e+00, -1.00000e+00],
        [ 1.90000e+01,  2.00000e+00,  9.24805e-01,  9.75098e-01, -1.00000e+00, -1.00000e+00],
        [ 1.90000e+01,  2.00000e+00,  9.75098e-01,  9.75098e-01, -1.00000e+00, -1.00000e+00]], device='cuda:0')

       0/9       10G         0   0.02353         0       191       640:   3%|▎         | 3/106 [01:11<40:01, 23.32s/it]
batch_pred_yolo nn predict:  tensor([[[1.19400e-02, 0.00000e+00, 1.08984e+01,  ..., 4.74854e-01, 4.62402e-01, 2.11639e-02],
         [2.11639e-02, 6.53267e-04, 1.29844e+01,  ..., 3.15918e-01, 3.74023e-01, 3.28369e-02],
         [3.06854e-02, 2.93541e-03, 1.82969e+01,  ..., 2.48657e-01, 2.91504e-01, 5.01404e-02],
         ...,
         [8.70117e-01, 9.85352e-01, 6.04000e+02,  ..., 2.57080e-01, 2.56104e-01, 3.31543e-01],
         [9.15039e-01, 9.82910e-01, 5.53000e+02,  ..., 2.50732e-01, 2.62939e-01, 3.35449e-01],
         [9.63867e-01, 9.84375e-01, 5.70000e+02,  ..., 2.55615e-01, 1.97144e-01, 2.50488e-01]],
        [[1.49689e-02, 0.00000e+00, 2.01094e+01,  ..., 4.94629e-01, 3.47412e-01, 2.32849e-02],
         [2.46887e-02, 3.35693e-04, 1.94219e+01,  ..., 3.75244e-01, 2.76123e-01, 3.31421e-02],
         [3.64380e-02, 4.80270e-03, 2.67188e+01,  ..., 2.52686e-01, 2.25586e-01, 6.25610e-02],
         ...,
         [8.76465e-01, 9.84375e-01, 3.96750e+02,  ..., 2.78076e-01, 2.19849e-01, 1.93604e-01],
         [9.11621e-01, 9.80469e-01, 4.77750e+02,  ..., 3.46924e-01, 2.40479e-01, 1.88965e-01],
         [9.64844e-01, 9.87305e-01, 6.01000e+02,  ..., 2.96387e-01, 2.02148e-01, 2.38647e-01]],
        [[1.18408e-02, 0.00000e+00, 1.42422e+01,  ..., 4.39697e-01, 3.36914e-01, 2.75879e-02],
         [2.13013e-02, 2.93016e-04, 1.54531e+01,  ..., 3.02490e-01, 2.66357e-01, 4.19312e-02],
         [3.22876e-02, 1.86157e-03, 1.80625e+01,  ..., 2.94678e-01, 2.11060e-01, 4.76074e-02],
         ...,
         [8.71094e-01, 9.82910e-01, 5.94000e+02,  ..., 2.18384e-01, 3.03711e-01, 3.33008e-01],
         [9.15039e-01, 9.80469e-01, 5.76500e+02,  ..., 2.05566e-01, 3.34473e-01, 3.26660e-01],
         [9.64844e-01, 9.82910e-01, 6.24500e+02,  ..., 2.64404e-01, 2.42920e-01, 2.54150e-01]],
        ...,
        [[1.18179e-02, 0.00000e+00, 1.37812e+01,  ..., 4.67041e-01, 3.74512e-01, 2.10876e-02],
         [2.13165e-02, 1.58668e-04, 1.54062e+01,  ..., 3.29590e-01, 3.06641e-01, 3.11432e-02],
         [3.13721e-02, 2.04468e-03, 1.99688e+01,  ..., 3.12256e-01, 2.57568e-01, 4.06799e-02],
         ...,
         [8.69629e-01, 9.81934e-01, 7.09000e+02,  ..., 3.09570e-01, 2.72217e-01, 3.29834e-01],
         [9.15527e-01, 9.81934e-01, 6.45500e+02,  ..., 3.02979e-01, 2.81982e-01, 3.33740e-01],
         [9.60938e-01, 9.81934e-01, 6.63000e+02,  ..., 3.12256e-01, 2.41333e-01, 2.60254e-01]],
        [[1.24741e-02, 0.00000e+00, 1.21328e+01,  ..., 4.30420e-01, 4.05273e-01, 2.75879e-02],
         [2.17590e-02, 1.58668e-04, 1.34141e+01,  ..., 2.77832e-01, 3.10547e-01, 4.42810e-02],
         [3.19214e-02, 2.22206e-03, 1.61875e+01,  ..., 2.49023e-01, 2.36572e-01, 5.70679e-02],
         ...,
         [8.69629e-01, 9.83398e-01, 6.06500e+02,  ..., 2.97119e-01, 2.43652e-01, 3.59131e-01],
         [9.03320e-01, 9.77539e-01, 5.96500e+02,  ..., 2.52930e-01, 2.93457e-01, 3.16650e-01],
         [9.59473e-01, 9.79492e-01, 6.60000e+02,  ..., 2.92236e-01, 1.96533e-01, 2.63916e-01]],
        [[1.06049e-02, 0.00000e+00, 9.40625e+00,  ..., 4.28711e-01, 3.52539e-01, 3.32642e-02],
         [1.98822e-02, 0.00000e+00, 1.06172e+01,  ..., 2.75879e-01, 2.79053e-01, 5.22461e-02],
         [3.00598e-02, 1.79482e-03, 1.44297e+01,  ..., 2.59033e-01, 2.03369e-01, 5.98755e-02],
         ...,
         [8.72559e-01, 9.82910e-01, 6.14000e+02,  ..., 2.70264e-01, 2.63672e-01, 3.44971e-01],
         [9.16504e-01, 9.81445e-01, 5.84500e+02,  ..., 2.52686e-01, 2.73193e-01, 3.55957e-01],
         [9.62402e-01, 9.81445e-01, 6.16000e+02,  ..., 2.94434e-01, 2.09473e-01, 2.72705e-01]]], device='cuda:0', dtype=torch.float16, grad_fn=<CopySlices>)
batch_pred_yolo nn predict:  tensor([1.19400e-02, 0.00000e+00, 1.08984e+01, 2.74844e+01, 2.55108e-04, 4.74854e-01, 4.62402e-01, 2.11639e-02], device='cuda:0', dtype=torch.float16, grad_fn=<SliceBackward0>)
batch_pred_yolo size nn predict:  torch.Size([20, 25200, 8])
batch_pred_bcc yolo2bcc:  tensor([[-8.82764e+00, -8.65881e+00, -1.10916e+01, -4.88401e-04],
        [-8.43760e+00, -8.74433e+00, -1.08644e+01, -4.88401e-04],
        [-8.73448e+00, -8.86169e+00, -1.07105e+01, -4.88401e-04],
        [-8.51608e+00, -8.64553e+00, -1.07234e+01, -4.88401e-04],
        [-8.36708e+00, -8.23945e+00, -1.02004e+01, -4.88401e-04],
        [-8.61598e+00, -8.23376e+00, -1.06213e+01, -4.88401e-04],
        [-8.79782e+00, -8.87535e+00, -1.11373e+01, -4.88401e-04],
        [-9.05833e+00, -9.23281e+00, -1.15960e+01,  0.00000e+00],
        [-8.84262e+00, -9.30447e+00, -1.11991e+01, -4.88401e-04],
        [-8.92017e+00, -8.81621e+00, -1.08886e+01, -4.88401e-04],
        [-8.62290e+00, -8.56616e+00, -1.07438e+01, -4.88401e-04],
        [-9.18620e+00, -9.44477e+00, -1.19335e+01,  0.00000e+00],
        [-8.22676e+00, -8.34334e+00, -1.00547e+01, -4.88401e-04],
        [-8.66693e+00, -8.64705e+00, -1.07265e+01, -4.88401e-04],
        [-8.61447e+00, -8.43580e+00, -1.07177e+01, -4.88401e-04],
        [-8.78558e+00, -8.66005e+00, -1.09002e+01, -4.88401e-04],
        [-8.48661e+00, -8.62893e+00, -1.03901e+01, -4.88401e-04],
        [-9.05754e+00, -9.12971e+00, -1.14168e+01,  0.00000e+00],
        [-8.71014e+00, -8.59883e+00, -1.05466e+01, -4.88401e-04],
        [-8.49641e+00, -8.48498e+00, -1.01604e+01, -4.88401e-04]], device='cuda:0', grad_fn=<SliceBackward0>)
batch_qtargets VBi:  tensor([[[4.95118e-33, 4.82146e-33, 1.00000e+00, 3.91546e-29],
         [2.12299e-33, 2.51343e-33, 1.00000e+00, 1.44720e-29],
         [1.09429e-33, 1.28279e-33, 1.00000e+00, 4.21135e-30],
         ...,
         [1.71093e-34, 1.70447e-34, 1.00000e+00, 2.38089e-32],
         [1.64921e-34, 1.72952e-34, 1.00000e+00, 2.09626e-32],
         [2.25159e-34, 1.73660e-34, 1.00000e+00, 2.29668e-32]],
        [[4.68740e-33, 3.29237e-33, 1.00000e+00, 2.46268e-29],
         [2.49844e-33, 1.83853e-33, 1.00000e+00, 1.15311e-29],
         [8.91227e-34, 7.95631e-34, 1.00000e+00, 3.09239e-30],
         ...,
         [3.16925e-34, 2.50570e-34, 1.00000e+00, 5.65769e-32],
         [4.05105e-34, 2.80797e-34, 1.00000e+00, 3.93215e-32],
         [2.74024e-34, 1.86891e-34, 1.00000e+00, 2.01141e-32]],
        [[3.51714e-33, 2.69487e-33, 1.00000e+00, 2.49932e-29],
         [1.59189e-33, 1.40176e-33, 1.00000e+00, 9.88656e-30],
         [1.36594e-33, 9.78284e-34, 1.00000e+00, 5.77171e-30],
         ...,
         [1.44701e-34, 2.01241e-34, 1.00000e+00, 1.90599e-32],
         [1.38860e-34, 2.25930e-34, 1.00000e+00, 1.69533e-32],
         [2.29558e-34, 2.10898e-34, 1.00000e+00, 2.01694e-32]],
        ...,
        [[4.88723e-33, 3.91910e-33, 1.00000e+00, 5.06853e-29],
         [2.33535e-33, 2.17280e-33, 1.00000e+00, 2.00447e-29],
         [1.69383e-33, 1.39723e-33, 1.00000e+00, 8.08593e-30],
         ...,
         [2.07097e-34, 1.82106e-34, 1.00000e+00, 2.44004e-32],
         [2.00309e-34, 1.86424e-34, 1.00000e+00, 2.16175e-32],
         [2.64736e-34, 2.04609e-34, 1.00000e+00, 2.45168e-32]],
        [[3.44280e-33, 3.24172e-33, 1.00000e+00, 2.36891e-29],
         [1.38449e-33, 1.54753e-33, 1.00000e+00, 8.39163e-30],
         [9.62882e-34, 9.14760e-34, 1.00000e+00, 4.00576e-30],
         ...,
         [1.82551e-34, 1.49705e-34, 1.00000e+00, 2.01842e-32],
         [1.76244e-34, 2.04485e-34, 1.00000e+00, 1.81982e-32],
         [2.44333e-34, 1.64318e-34, 1.00000e+00, 2.04358e-32]],
        [[2.84392e-33, 2.33863e-33, 1.00000e+00, 1.52436e-29],
         [1.16522e-33, 1.17860e-33, 1.00000e+00, 5.70342e-30],
         [9.54631e-34, 7.49482e-34, 1.00000e+00, 3.13247e-30],
         ...,
         [1.72867e-34, 1.68657e-34, 1.00000e+00, 2.34856e-32],
         [1.56631e-34, 1.69348e-34, 1.00000e+00, 1.97624e-32],
         [2.38222e-34, 1.69482e-34, 1.00000e+00, 2.29388e-32]]], device='cuda:0')
batch_qtargets_yolo:  tensor([[ 0.00000e+00,  2.00000e+00,  6.24847e-03,  6.24847e-03, -1.00000e+00, -1.00000e+00],
        [ 0.00000e+00,  2.00000e+00,  1.87531e-02,  6.24847e-03, -1.00000e+00, -1.00000e+00],
        [ 0.00000e+00,  2.00000e+00,  3.12500e-02,  6.24847e-03, -1.00000e+00, -1.00000e+00],
        ...,
        [ 1.90000e+01,  2.00000e+00,  8.75000e-01,  9.75098e-01, -1.00000e+00, -1.00000e+00],
        [ 1.90000e+01,  2.00000e+00,  9.24805e-01,  9.75098e-01, -1.00000e+00, -1.00000e+00],
        [ 1.90000e+01,  2.00000e+00,  9.75098e-01,  9.75098e-01, -1.00000e+00, -1.00000e+00]], device='cuda:0')

       0/9       10G         0   0.02335         0       250       640:   4%|▍         | 4/106 [01:34<39:28, 23.22s/it]
batch_pred_yolo nn predict:  tensor([[[1.14365e-02, 0.00000e+00, 1.28516e+01,  ..., 4.98047e-01, 3.48633e-01, 1.97601e-02],
         [2.04926e-02, 0.00000e+00, 1.38438e+01,  ..., 3.73047e-01, 2.83447e-01, 2.83356e-02],
         [3.07617e-02, 1.26362e-03, 1.87188e+01,  ..., 3.02490e-01, 2.34741e-01, 3.50037e-02],
         ...,
         [8.72070e-01, 9.86816e-01, 5.89000e+02,  ..., 2.54639e-01, 2.17529e-01, 3.42285e-01],
         [9.14062e-01, 9.84375e-01, 5.94500e+02,  ..., 2.44873e-01, 2.40234e-01, 3.24463e-01],
         [9.62402e-01, 9.85352e-01, 6.39500e+02,  ..., 2.77832e-01, 1.93604e-01, 2.39502e-01]],
        [[1.09711e-02, 0.00000e+00, 7.86328e+00,  ..., 4.82422e-01, 3.11523e-01, 3.17993e-02],
         [2.02484e-02, 0.00000e+00, 8.82031e+00,  ..., 3.42285e-01, 2.43774e-01, 4.79431e-02],
         [3.03192e-02, 1.34850e-03, 1.25938e+01,  ..., 3.09082e-01, 1.93726e-01, 5.30090e-02],
         ...,
         [8.72070e-01, 9.81445e-01, 6.15000e+02,  ..., 2.41699e-01, 2.67334e-01, 4.09424e-01],
         [9.08691e-01, 9.77539e-01, 5.85500e+02,  ..., 2.48047e-01, 2.81250e-01, 3.84521e-01],
         [9.64844e-01, 9.81934e-01, 6.40500e+02,  ..., 2.95166e-01, 1.81519e-01, 2.79541e-01]],
        [[1.22833e-02, 0.00000e+00, 1.35703e+01,  ..., 4.64111e-01, 4.28223e-01, 2.22015e-02],
